Energy(eV)	C_p_DOS	Pt_d_DOS
-22.640457	0.000000	0.000000
-22.620457	0.000000	0.000000
-22.600457	0.000000	0.000000
-22.580457	0.000000	0.000000
-22.560457	0.000000	0.000000
-22.540357	0.000000	0.000000
-22.520357	0.000000	0.000000
-22.500357	0.000000	0.000000
-22.480357	0.000000	0.000000
-22.460357	0.000000	0.000000
-22.440357	0.000000	0.000000
-22.420357	0.000000	0.000000
-22.400357	0.000000	0.000000
-22.380357	0.000000	0.000000
-22.360357	0.000000	0.000000
-22.340257	0.000000	0.000000
-22.320257	0.000000	0.000000
-22.300257	0.000000	0.000000
-22.280257	0.000000	0.000000
-22.260257	0.000000	0.000000
-22.240257	0.000000	0.000000
-22.220257	0.000000	0.000000
-22.200257	0.000000	0.000000
-22.180257	0.000000	0.000000
-22.160257	0.000000	0.000000
-22.140157	0.000000	0.000000
-22.120157	0.000000	0.000000
-22.100157	0.000000	0.000000
-22.080157	0.000000	0.000000
-22.060157	0.000000	0.000000
-22.040157	0.000000	0.000000
-22.020157	0.000000	0.000000
-22.000157	0.000000	0.000000
-21.980157	0.000000	0.000000
-21.960157	0.000000	0.000000
-21.940057	0.000000	0.000000
-21.920057	0.000000	0.000000
-21.900057	0.000000	0.000000
-21.880057	0.000000	0.000000
-21.860057	0.000000	0.000000
-21.840057	0.000000	0.000000
-21.820057	0.000000	0.000000
-21.800057	0.000000	0.000000
-21.780057	0.000000	0.000000
-21.760057	0.000000	0.000000
-21.739957	0.000000	0.000000
-21.719957	0.000000	0.000000
-21.699957	0.000000	0.000000
-21.679957	0.000000	0.000000
-21.659957	0.000000	0.000000
-21.639957	0.000000	0.000000
-21.619957	0.000000	0.000000
-21.599957	0.000000	0.000000
-21.579957	0.000000	0.000000
-21.559957	0.000000	0.000000
-21.539857	0.000000	0.000000
-21.519857	0.000000	0.000000
-21.499857	0.000000	0.000000
-21.479857	0.000000	0.000000
-21.459857	0.000000	0.000000
-21.439857	0.000000	0.000000
-21.419857	0.000000	0.000000
-21.399857	0.000000	0.000000
-21.379857	0.000000	0.000000
-21.359857	0.000000	0.000000
-21.339757	0.000000	0.000000
-21.319757	0.000000	0.000000
-21.299757	0.000000	0.000000
-21.279757	0.000000	0.000000
-21.259757	0.000000	0.000000
-21.239757	0.000000	0.000000
-21.219757	0.000000	0.000000
-21.199757	0.000000	0.000000
-21.179757	0.000000	0.000000
-21.159757	0.000000	0.000000
-21.139657	0.000000	0.000000
-21.119657	0.000000	0.000000
-21.099657	0.000000	0.000000
-21.079657	0.000000	0.000000
-21.059657	0.000000	0.000000
-21.039657	0.000000	0.000000
-21.019657	0.000000	0.000000
-20.999657	0.000000	0.000000
-20.979657	0.000000	0.000000
-20.959657	0.000000	0.000000
-20.939557	0.000000	0.000000
-20.919557	0.000000	0.000000
-20.899557	0.000000	0.000000
-20.879557	0.000000	0.000000
-20.859557	0.000000	0.000000
-20.839557	0.000000	0.000000
-20.819557	0.000000	0.000000
-20.799557	0.000000	0.000000
-20.779557	0.000000	0.000000
-20.759557	0.000000	0.000000
-20.739457	0.000000	0.000000
-20.719457	0.000000	0.000000
-20.699457	0.000000	0.000000
-20.679457	0.000000	0.000000
-20.659457	0.000000	0.000000
-20.639457	0.000000	0.000000
-20.619457	0.000000	0.000000
-20.599457	0.000000	0.000000
-20.579457	0.000000	0.000000
-20.559457	0.000000	0.000000
-20.539357	0.000000	0.000000
-20.519357	0.000000	0.000000
-20.499357	0.000000	0.000000
-20.479357	0.000000	0.000000
-20.459357	0.000000	0.000000
-20.439357	0.000000	0.000000
-20.419357	0.000000	0.000000
-20.399357	0.000000	0.000000
-20.379357	0.000000	0.000000
-20.359357	0.000000	0.000000
-20.339257	0.000000	0.000000
-20.319257	0.000000	0.000000
-20.299257	0.000000	0.000000
-20.279257	0.000000	0.000000
-20.259257	0.000000	0.000000
-20.239257	0.000000	0.000000
-20.219257	0.000000	0.000000
-20.199257	0.000000	0.000000
-20.179257	0.000000	0.000000
-20.159257	0.000000	0.000000
-20.139157	0.000000	0.000000
-20.119157	0.000000	0.000000
-20.099157	0.000000	0.000000
-20.079157	0.000000	0.000000
-20.059157	0.000000	0.000000
-20.039157	0.000000	0.000000
-20.019157	0.000000	0.000000
-19.999157	0.000000	0.000000
-19.979157	0.000000	0.000000
-19.959157	0.000000	0.000000
-19.939057	0.000000	0.000000
-19.919057	0.000000	0.000000
-19.899057	0.000000	0.000000
-19.879057	0.000000	0.000000
-19.859057	0.000000	0.000000
-19.839057	0.000000	0.000000
-19.819057	0.000000	0.000000
-19.799057	0.000000	0.000000
-19.779057	0.000000	0.000000
-19.759057	0.000000	0.000000
-19.738957	0.000000	0.000000
-19.718957	0.000000	0.000000
-19.698957	0.000000	0.000000
-19.678957	0.000000	0.000000
-19.658957	0.000000	0.000000
-19.638957	0.000000	0.000000
-19.618957	0.000000	0.000000
-19.598957	0.000000	0.000000
-19.578957	0.000000	0.000000
-19.558957	0.000000	0.000000
-19.538857	0.000000	0.000000
-19.518857	0.000000	0.000000
-19.498857	0.000000	0.000000
-19.478857	0.000000	0.000000
-19.458857	0.000000	0.000000
-19.438857	0.000000	0.000000
-19.418857	0.000000	0.000000
-19.398857	0.000000	0.000000
-19.378857	0.000000	0.000000
-19.358857	0.000000	0.000000
-19.338757	0.000000	0.000000
-19.318757	0.000000	0.000000
-19.298757	0.000000	0.000000
-19.278757	0.000000	0.000000
-19.258757	0.000000	0.000000
-19.238757	0.000000	0.000000
-19.218757	0.000000	0.000000
-19.198757	0.000000	0.000000
-19.178757	0.000000	0.000000
-19.158757	0.000000	0.000000
-19.138657	0.000000	0.000000
-19.118657	0.000000	0.000000
-19.098657	0.000000	0.000000
-19.078657	0.000000	0.000000
-19.058657	0.000000	0.000000
-19.038657	0.000000	0.000000
-19.018657	0.000000	0.000000
-18.998657	0.000000	0.000000
-18.978657	0.000000	0.000000
-18.958657	0.000000	0.000000
-18.938557	0.000000	0.000000
-18.918557	0.000000	0.000000
-18.898557	0.000000	0.000000
-18.878557	0.000000	0.000000
-18.858557	0.000000	0.000000
-18.838557	0.000000	0.000000
-18.818557	0.000000	0.000000
-18.798557	0.000000	0.000000
-18.778557	0.000000	0.000000
-18.758557	0.000000	0.000000
-18.738457	0.000000	0.000000
-18.718457	0.000000	0.000000
-18.698457	0.000000	0.000000
-18.678457	0.000000	0.000000
-18.658457	0.000000	0.000000
-18.638457	0.000000	0.000000
-18.618457	0.000000	0.000000
-18.598457	0.000000	0.000000
-18.578457	0.000000	0.000000
-18.558457	0.000000	0.000000
-18.538357	0.000000	0.000000
-18.518357	0.000000	0.000000
-18.498357	0.000000	0.000000
-18.478357	0.000000	0.000000
-18.458357	0.000000	0.000000
-18.438357	0.000000	0.000000
-18.418357	0.000000	0.000000
-18.398357	0.000000	0.000000
-18.378357	0.000000	0.000000
-18.358357	0.000000	0.000000
-18.338257	0.000000	0.000000
-18.318257	0.000000	0.000000
-18.298257	0.000000	0.000000
-18.278257	0.000000	0.000000
-18.258257	0.000000	0.000000
-18.238257	0.000000	0.000000
-18.218257	0.000000	0.000000
-18.198257	0.000000	0.000000
-18.178257	0.000000	0.000000
-18.158257	0.000000	0.000000
-18.138157	0.000000	0.000000
-18.118157	0.000000	0.000000
-18.098157	0.000000	0.000000
-18.078157	0.000000	0.000000
-18.058157	0.000000	0.000000
-18.038157	0.000000	0.000000
-18.018157	0.000000	0.000000
-17.998157	0.000000	0.000000
-17.978157	0.000000	0.000000
-17.958157	0.000000	0.000000
-17.938057	0.000000	0.000000
-17.918057	0.000000	0.000000
-17.898057	0.000000	0.000000
-17.878057	0.000000	0.000000
-17.858057	0.000000	0.000000
-17.838057	0.000000	0.000000
-17.818057	0.000000	0.000000
-17.798057	0.000000	0.000000
-17.778057	0.000000	0.000000
-17.758057	0.000000	0.000000
-17.737957	0.000000	0.000000
-17.717957	0.000000	0.000000
-17.697957	0.000000	0.000000
-17.677957	0.000000	0.000000
-17.657957	0.000000	0.000000
-17.637957	0.000000	0.000000
-17.617957	0.000000	0.000000
-17.597957	0.000000	0.000000
-17.577957	0.000000	0.000000
-17.557957	0.000000	0.000000
-17.537857	0.000000	0.000000
-17.517857	0.000000	0.000000
-17.497857	0.000000	0.000000
-17.477857	0.000000	0.000000
-17.457857	0.000000	0.000000
-17.437857	0.000000	0.000000
-17.417857	0.000000	0.000000
-17.397857	0.000000	0.000000
-17.377857	0.000000	0.000000
-17.357857	0.000000	0.000000
-17.337757	0.000000	0.000000
-17.317757	0.000000	0.000000
-17.297757	0.000000	0.000000
-17.277757	0.000000	0.000000
-17.257757	0.000000	0.000000
-17.237757	0.000000	0.000000
-17.217757	0.000000	0.000000
-17.197757	0.000000	0.000000
-17.177757	0.000000	0.000000
-17.157757	0.000000	0.000000
-17.137657	0.000000	0.000000
-17.117657	0.000000	0.000000
-17.097657	0.000000	0.000000
-17.077657	0.000000	0.000000
-17.057657	0.000000	0.000000
-17.037657	0.000000	0.000000
-17.017657	0.000000	0.000000
-16.997657	0.000000	0.000000
-16.977657	0.000000	0.000000
-16.957657	0.000000	0.000000
-16.937557	0.000000	0.000000
-16.917557	0.000000	0.000000
-16.897557	0.000000	0.000000
-16.877557	0.000000	0.000000
-16.857557	0.000000	0.000000
-16.837557	0.000000	0.000000
-16.817557	0.000000	0.000000
-16.797557	0.000000	0.000000
-16.777557	0.000000	0.000000
-16.757557	0.000000	0.000000
-16.737457	0.000000	0.000000
-16.717457	0.000000	0.000000
-16.697457	0.000000	0.000000
-16.677457	0.000000	0.000000
-16.657457	0.000000	0.000000
-16.637457	0.000000	0.000000
-16.617457	0.000000	0.000000
-16.597457	0.000000	0.000000
-16.577457	0.000000	0.000000
-16.557457	0.000000	0.000000
-16.537357	0.000000	0.000000
-16.517357	0.000000	0.000000
-16.497357	0.000000	0.000000
-16.477357	0.000000	0.000000
-16.457357	0.000000	0.000000
-16.437357	0.000000	0.000000
-16.417357	0.000000	0.000000
-16.397357	0.000000	0.000000
-16.377357	0.000000	0.000000
-16.357357	0.000000	0.000000
-16.337257	0.000000	0.000000
-16.317257	0.000000	0.000000
-16.297257	0.000000	0.000000
-16.277257	0.000000	0.000000
-16.257257	0.000000	0.000000
-16.237257	0.000000	0.000000
-16.217257	0.000000	0.000000
-16.197257	0.000000	0.000000
-16.177257	0.000000	0.000000
-16.157257	0.000000	0.000000
-16.137157	0.000000	0.000000
-16.117157	0.000000	0.000000
-16.097157	0.000000	0.000000
-16.077157	0.000000	0.000000
-16.057157	0.000000	0.000000
-16.037157	0.000000	0.000000
-16.017157	0.000000	0.000000
-15.997157	0.000000	0.000000
-15.977157	0.000000	0.000000
-15.957157	0.000000	0.000000
-15.937057	0.000000	0.000000
-15.917057	0.000000	0.000000
-15.897057	0.000000	0.000000
-15.877057	0.000000	0.000000
-15.857057	0.000000	0.000000
-15.837057	0.000000	0.000000
-15.817057	0.000000	0.000000
-15.797057	0.000000	0.000000
-15.777057	0.000000	0.000000
-15.757057	0.000000	0.000000
-15.736957	0.000000	0.000000
-15.716957	0.000000	0.000000
-15.696957	0.000000	0.000000
-15.676957	0.000000	0.000000
-15.656957	0.000000	0.000000
-15.636957	0.000000	0.000000
-15.616957	0.000000	0.000000
-15.596957	0.000000	0.000000
-15.576957	0.000000	0.000000
-15.556957	0.000000	0.000000
-15.536857	0.000000	0.000000
-15.516857	0.000000	0.000000
-15.496857	0.000000	0.000000
-15.476857	0.000000	0.000000
-15.456857	0.000000	0.000000
-15.436857	0.000000	0.000000
-15.416857	0.000000	0.000000
-15.396857	0.000000	0.000000
-15.376857	0.000000	0.000000
-15.356857	0.000000	0.000000
-15.336757	0.000000	0.000000
-15.316757	0.000000	0.000000
-15.296757	0.000000	0.000000
-15.276757	0.000000	0.000000
-15.256757	0.000000	0.000000
-15.236757	0.000000	0.000000
-15.216757	0.000000	0.000000
-15.196757	0.000000	0.000000
-15.176757	0.000000	0.000000
-15.156757	0.000000	0.000000
-15.136657	0.000000	0.000000
-15.116657	0.000000	0.000000
-15.096657	0.000000	0.000000
-15.076657	0.000000	0.000000
-15.056657	0.000000	0.000000
-15.036657	0.000000	0.000000
-15.016657	0.000000	0.000000
-14.996657	0.000000	0.000000
-14.976657	0.000000	0.000000
-14.956657	0.000000	0.000000
-14.936557	0.000000	0.000000
-14.916557	0.000000	0.000000
-14.896557	0.000000	0.000000
-14.876557	0.000000	0.000000
-14.856557	0.000000	0.000000
-14.836557	0.000000	0.000000
-14.816557	0.000000	0.000000
-14.796557	0.000000	0.000000
-14.776557	0.000000	0.000000
-14.756557	0.000000	0.000000
-14.736457	0.000000	0.000000
-14.716457	0.000000	0.000000
-14.696457	0.000000	0.000000
-14.676457	0.000000	0.000000
-14.656457	0.000000	0.000000
-14.636457	0.000000	0.000000
-14.616457	0.000000	0.000000
-14.596457	0.000000	0.000000
-14.576457	0.000000	0.000000
-14.556457	0.000000	0.000000
-14.536357	0.000000	0.000000
-14.516357	0.000000	0.000000
-14.496357	0.000000	0.000000
-14.476357	0.000000	0.000000
-14.456357	0.000000	0.000000
-14.436357	0.000000	0.000000
-14.416357	0.000000	0.000000
-14.396357	0.000000	0.000000
-14.376357	0.000000	0.000000
-14.356357	0.000000	0.000000
-14.336257	0.000000	0.000000
-14.316257	0.000000	0.000000
-14.296257	0.000000	0.000000
-14.276257	0.000000	0.000000
-14.256257	0.000000	0.000000
-14.236257	0.000000	0.000000
-14.216257	0.000000	0.000000
-14.196257	0.000000	0.000000
-14.176257	0.000000	0.000000
-14.156257	0.000000	0.000000
-14.136157	0.000000	0.000000
-14.116157	0.000000	0.000000
-14.096157	0.000000	0.000000
-14.076157	0.000000	0.000000
-14.056157	0.000000	0.000000
-14.036157	0.000000	0.000000
-14.016157	0.000000	0.000000
-13.996157	0.000000	0.000000
-13.976157	0.000000	0.000000
-13.956157	0.000000	0.000000
-13.936057	0.000000	0.000000
-13.916057	0.000000	0.000000
-13.896057	0.000000	0.000000
-13.876057	0.000000	0.000000
-13.856057	0.000000	0.000000
-13.836057	0.000000	0.000000
-13.816057	0.000000	0.000000
-13.796057	0.000000	0.000000
-13.776057	0.000000	0.000000
-13.756057	0.000000	0.000000
-13.735957	0.000000	0.000000
-13.715957	0.000000	0.000000
-13.695957	0.000000	0.000000
-13.675957	0.000000	0.000000
-13.655957	0.000000	0.000000
-13.635957	0.000000	0.000000
-13.615957	0.000000	0.000000
-13.595957	0.000000	0.000000
-13.575957	0.000000	0.000000
-13.555957	0.000000	0.000000
-13.535857	0.000000	0.000000
-13.515857	0.000000	0.000000
-13.495857	0.000000	0.000000
-13.475857	0.000000	0.000000
-13.455857	0.000000	0.000000
-13.435857	0.000000	0.000000
-13.415857	0.000000	0.000000
-13.395857	0.000000	0.000000
-13.375857	0.000000	0.000000
-13.355857	0.000000	0.000000
-13.335757	0.000000	0.000000
-13.315757	0.000000	0.000000
-13.295757	0.000000	0.000000
-13.275757	0.000000	0.000000
-13.255757	0.000000	0.000000
-13.235757	0.000000	0.000000
-13.215757	0.000000	0.000000
-13.195757	0.000000	0.000000
-13.175757	0.000000	0.000000
-13.155757	0.000000	0.000000
-13.135657	0.000000	0.000000
-13.115657	0.000000	0.000000
-13.095657	0.000000	0.000000
-13.075657	0.000000	0.000000
-13.055657	0.000000	0.000000
-13.035657	0.000000	0.000000
-13.015657	0.000000	0.000000
-12.995657	0.000000	0.000000
-12.975657	0.000000	0.000000
-12.955657	0.000000	0.000000
-12.935557	0.000000	0.000000
-12.915557	0.000000	0.000000
-12.895557	0.000000	0.000000
-12.875557	0.000000	0.000000
-12.855557	0.000000	0.000000
-12.835557	0.000000	0.000000
-12.815557	0.000000	0.000000
-12.795557	0.000000	0.000000
-12.775557	0.000000	0.000000
-12.755557	0.000000	0.000000
-12.735457	0.000000	0.000000
-12.715457	0.000000	0.000000
-12.695457	0.000000	0.000000
-12.675457	0.000000	0.000000
-12.655457	0.000000	0.000000
-12.635457	0.000000	0.000000
-12.615457	0.000000	0.000000
-12.595457	0.000000	0.000000
-12.575457	0.000000	0.000000
-12.555457	0.000000	0.000000
-12.535357	0.000000	0.000000
-12.515357	0.000000	0.000000
-12.495357	0.000000	0.000000
-12.475357	0.000000	0.000000
-12.455357	0.000000	0.000000
-12.435357	0.000000	0.000000
-12.415357	0.000000	0.000000
-12.395357	0.000000	0.000000
-12.375357	0.000000	0.000000
-12.355357	0.000000	0.000000
-12.335257	0.000000	0.000000
-12.315257	0.000000	0.000000
-12.295257	0.000000	0.000000
-12.275257	0.000000	0.000000
-12.255257	0.000000	0.000000
-12.235257	0.000000	0.000000
-12.215257	0.000000	0.000000
-12.195257	0.000000	0.000000
-12.175257	0.000000	0.000000
-12.155257	0.000000	0.000000
-12.135157	0.000000	0.000000
-12.115157	0.000000	0.000000
-12.095157	0.000000	0.000000
-12.075157	0.000000	0.000000
-12.055157	0.000000	0.000000
-12.035157	0.000000	0.000000
-12.015157	0.000000	0.000000
-11.995157	0.000008	0.000026
-11.975157	0.000037	0.000122
-11.955157	0.000057	0.000186
-11.935057	0.000083	0.000272
-11.915057	0.000121	0.000395
-11.895057	0.000174	0.000568
-11.875057	0.000248	0.000808
-11.855057	0.000349	0.001139
-11.835057	0.000487	0.001588
-11.815057	0.000672	0.002194
-11.795057	0.000919	0.002999
-11.775057	0.001244	0.004059
-11.755057	0.001667	0.005440
-11.734957	0.002212	0.007218
-11.714957	0.002906	0.009482
-11.694957	0.003781	0.012332
-11.674957	0.004869	0.015880
-11.654957	0.006207	0.020245
-11.634957	0.007836	0.025554
-11.614957	0.009793	0.031934
-11.594957	0.012118	0.039511
-11.574957	0.014845	0.048400
-11.554957	0.018006	0.058700
-11.534857	0.021623	0.070484
-11.514857	0.025708	0.083793
-11.494857	0.030261	0.098625
-11.474857	0.035267	0.114929
-11.454857	0.040692	0.132598
-11.434857	0.046486	0.151464
-11.414857	0.052576	0.171294
-11.394857	0.058874	0.191797
-11.374857	0.065272	0.212619
-11.354857	0.071645	0.233361
-11.334757	0.077860	0.253581
-11.314757	0.083772	0.272815
-11.294757	0.089238	0.290591
-11.274757	0.094117	0.306451
-11.254757	0.098276	0.319966
-11.234757	0.101598	0.330757
-11.214757	0.103990	0.338514
-11.194757	0.105380	0.343012
-11.174757	0.105728	0.344115
-11.154757	0.105023	0.341792
-11.134657	0.103286	0.336112
-11.114657	0.100568	0.327242
-11.094657	0.096949	0.315440
-11.074657	0.092532	0.301043
-11.054657	0.087438	0.284448
-11.034657	0.081804	0.266097
-11.014657	0.075772	0.246457
-10.994657	0.069487	0.225998
-10.974657	0.063091	0.205178
-10.954657	0.056714	0.184426
-10.934557	0.050475	0.164125
-10.914557	0.044476	0.144607
-10.894557	0.038801	0.126145
-10.874557	0.033513	0.108946
-10.854557	0.028659	0.093157
-10.834557	0.024264	0.078865
-10.814557	0.020339	0.066102
-10.794557	0.016879	0.054854
-10.774557	0.013869	0.045068
-10.754557	0.011282	0.036660
-10.734457	0.009087	0.029524
-10.714457	0.007246	0.023540
-10.694457	0.005720	0.018583
-10.674457	0.004471	0.014524
-10.654457	0.003460	0.011239
-10.634457	0.002651	0.008610
-10.614457	0.002011	0.006531
-10.594457	0.001510	0.004905
-10.574457	0.001123	0.003647
-10.554457	0.000827	0.002684
-10.534357	0.000603	0.001956
-10.514357	0.000435	0.001412
-10.494357	0.000311	0.001008
-10.474357	0.000220	0.000713
-10.454357	0.000154	0.000499
-10.434357	0.000107	0.000346
-10.414357	0.000073	0.000238
-10.394357	0.000050	0.000162
-10.374357	0.000028	0.000091
-10.354357	0.000002	0.000006
-10.334257	0.000000	0.000000
-10.314257	0.000000	0.000000
-10.294257	0.000000	0.000000
-10.274257	0.000000	0.000000
-10.254257	0.000000	0.000000
-10.234257	0.000000	0.000000
-10.214257	0.000000	0.000000
-10.194257	0.000000	0.000000
-10.174257	0.000000	0.000000
-10.154257	0.000000	0.000000
-10.134157	0.000000	0.000000
-10.114157	0.000000	0.000000
-10.094157	0.000000	0.000000
-10.074157	0.000000	0.000000
-10.054157	0.000000	0.000000
-10.034157	0.000000	0.000000
-10.014157	0.000000	0.000000
-9.994157	0.000000	0.000000
-9.974157	0.000000	0.000000
-9.954157	0.000000	0.000000
-9.934057	0.000000	0.000000
-9.914057	0.000000	0.000000
-9.894057	0.000000	0.000000
-9.874057	0.000000	0.000000
-9.854057	0.000001	0.000001
-9.834057	0.000001	0.000001
-9.814057	0.000001	0.000001
-9.794057	0.000002	0.000002
-9.774057	0.000003	0.000003
-9.754057	0.000004	0.000004
-9.733957	0.000005	0.000005
-9.713957	0.000007	0.000007
-9.693957	0.000009	0.000010
-9.673957	0.000012	0.000013
-9.653957	0.000015	0.000018
-9.633957	0.000020	0.000023
-9.613957	0.000025	0.000030
-9.593957	0.000032	0.000040
-9.573957	0.000040	0.000051
-9.553957	0.000049	0.000066
-9.533857	0.000061	0.000084
-9.513857	0.000076	0.000133
-9.493857	0.000093	0.000186
-9.473857	0.000114	0.000262
-9.453857	0.000138	0.000358
-9.433857	0.000166	0.000485
-9.413857	0.000199	0.000651
-9.393857	0.000239	0.000903
-9.373857	0.000286	0.001220
-9.353857	0.000340	0.001630
-9.333757	0.000404	0.002167
-9.313757	0.000480	0.002870
-9.293757	0.000570	0.003787
-9.273757	0.000677	0.004972
-9.253757	0.000805	0.006494
-9.233757	0.000959	0.008433
-9.213757	0.001143	0.010883
-9.193757	0.001365	0.013954
-9.173757	0.001631	0.017765
-9.153757	0.001948	0.022455
-9.133657	0.002327	0.028168
-9.113657	0.002775	0.035062
-9.093657	0.003304	0.043296
-9.073657	0.003922	0.053031
-9.053657	0.004639	0.064419
-9.033657	0.005464	0.077600
-9.013657	0.006405	0.092689
-8.993657	0.007468	0.109772
-8.973657	0.008656	0.128890
-8.953657	0.009969	0.150038
-8.933557	0.011406	0.173150
-8.913557	0.012958	0.198097
-8.893557	0.014617	0.224679
-8.873557	0.016365	0.252626
-8.853557	0.018185	0.281600
-8.833557	0.020052	0.311197
-8.813557	0.021939	0.340957
-8.793557	0.023817	0.370375
-8.773557	0.025653	0.398916
-8.753557	0.027415	0.426034
-8.733457	0.029070	0.451189
-8.713457	0.030586	0.473869
-8.693457	0.031933	0.493606
-8.673457	0.033087	0.509999
-8.653457	0.034027	0.522725
-8.633457	0.034738	0.531614
-8.613457	0.035211	0.536498
-8.593457	0.035452	0.537561
-8.573457	0.035448	0.534578
-8.553457	0.035218	0.527894
-8.533357	0.034777	0.517820
-8.513357	0.034146	0.504746
-8.493357	0.033352	0.489139
-8.473357	0.032423	0.471525
-8.453357	0.031394	0.452478
-8.433357	0.030298	0.432604
-8.413357	0.029170	0.412530
-8.393357	0.028046	0.392894
-8.373357	0.026964	0.374332
-8.353357	0.025957	0.357481
-8.333257	0.025061	0.342964
-8.313257	0.024308	0.331390
-8.293257	0.023732	0.323355
-8.273257	0.023362	0.319429
-8.253257	0.023227	0.320157
-8.233257	0.023356	0.326048
-8.213257	0.023769	0.337561
-8.193257	0.024490	0.355094
-8.173257	0.025534	0.378963
-8.153257	0.026913	0.409379
-8.133157	0.028634	0.446429
-8.113157	0.030693	0.490046
-8.093157	0.033083	0.539992
-8.073157	0.035783	0.595831
-8.053157	0.038764	0.656924
-8.033157	0.041989	0.722415
-8.013157	0.045408	0.791239
-7.993157	0.048963	0.862133
-7.973157	0.052587	0.933662
-7.953157	0.056208	1.004257
-7.933057	0.059748	1.072263
-7.913057	0.063128	1.135994
-7.893057	0.066269	1.193779
-7.873057	0.069099	1.244093
-7.853057	0.071551	1.285527
-7.833057	0.073570	1.316917
-7.813057	0.075111	1.337361
-7.793057	0.076146	1.346273
-7.773057	0.076659	1.343382
-7.753057	0.076656	1.328829
-7.732957	0.076154	1.303041
-7.712957	0.075185	1.266761
-7.692957	0.073795	1.221019
-7.672957	0.072038	1.167072
-7.652957	0.069979	1.106348
-7.632957	0.067686	1.040378
-7.612957	0.065226	0.970736
-7.592957	0.062669	0.898975
-7.572957	0.060078	0.826568
-7.552957	0.057511	0.754869
-7.532857	0.055017	0.685068
-7.512857	0.052640	0.618169
-7.492857	0.050411	0.554974
-7.472857	0.048352	0.496083
-7.452857	0.046479	0.441896
-7.432857	0.044801	0.392629
-7.412857	0.043319	0.348333
-7.392857	0.042030	0.308923
-7.372857	0.040928	0.274198
-7.352857	0.040005	0.243873
-7.332757	0.039255	0.217602
-7.312757	0.038669	0.195002
-7.292757	0.038242	0.175675
-7.272757	0.037969	0.159221
-7.252757	0.037851	0.145257
-7.232757	0.037888	0.133422
-7.212757	0.038106	0.123387
-7.192757	0.038477	0.114853
-7.172757	0.039023	0.107558
-7.152757	0.039753	0.101277
-7.132657	0.040678	0.095816
-7.112657	0.041811	0.091013
-7.092657	0.043161	0.086731
-7.072657	0.044739	0.082859
-7.052657	0.046557	0.079308
-7.032657	0.048627	0.076005
-7.012657	0.050958	0.072853
-6.992657	0.053568	0.069868
-6.972657	0.056462	0.066875
-6.952657	0.059675	0.064170
-6.932557	0.063216	0.061524
-6.912557	0.067108	0.058930
-6.892557	0.071379	0.056386
-6.872557	0.076056	0.053896
-6.852557	0.081173	0.051468
-6.832557	0.086766	0.049112
-6.812557	0.092871	0.046838
-6.792557	0.099525	0.044659
-6.772557	0.106763	0.042589
-6.752557	0.114616	0.040641
-6.732457	0.123107	0.038827
-6.712457	0.132257	0.037159
-6.692457	0.142063	0.035646
-6.672457	0.152520	0.034294
-6.652457	0.163609	0.033106
-6.632457	0.175289	0.032082
-6.612457	0.187508	0.031215
-6.592457	0.200201	0.030500
-6.572457	0.213289	0.029923
-6.552457	0.226683	0.029469
-6.532357	0.240291	0.029122
-6.512357	0.254019	0.028861
-6.492357	0.267777	0.028667
-6.472357	0.281483	0.028518
-6.452357	0.295066	0.028395
-6.432357	0.308471	0.028279
-6.412357	0.321665	0.028154
-6.392357	0.334636	0.028006
-6.372357	0.347395	0.027824
-6.352357	0.359977	0.027602
-6.332257	0.372425	0.027335
-6.312257	0.384807	0.027023
-6.292257	0.397201	0.026669
-6.272257	0.409693	0.026277
-6.252257	0.422367	0.025854
-6.232257	0.435301	0.025407
-6.212257	0.448565	0.024947
-6.192257	0.462217	0.024482
-6.172257	0.476298	0.024020
-6.152257	0.490831	0.023571
-6.132157	0.505815	0.023141
-6.112157	0.521237	0.022737
-6.092157	0.537066	0.022362
-6.072157	0.553259	0.022021
-6.052157	0.569766	0.021715
-6.032157	0.586535	0.021446
-6.012157	0.603512	0.021214
-5.992157	0.620652	0.021019
-5.972157	0.637921	0.020860
-5.952157	0.655295	0.020737
-5.932057	0.672767	0.020647
-5.912057	0.690343	0.020591
-5.892057	0.708042	0.020568
-5.872057	0.725898	0.020576
-5.852057	0.743950	0.020615
-5.832057	0.762240	0.020685
-5.812057	0.780802	0.020785
-5.792057	0.799671	0.020914
-5.772057	0.818854	0.021070
-5.752057	0.838342	0.021252
-5.731957	0.858101	0.021457
-5.711957	0.878062	0.021682
-5.691957	0.898128	0.021923
-5.671957	0.918165	0.022175
-5.651957	0.938010	0.022434
-5.631957	0.957481	0.022693
-5.611957	0.976335	0.022946
-5.591957	0.994331	0.023183
-5.571957	1.011256	0.023403
-5.551957	1.026839	0.023595
-5.531857	1.040839	0.023753
-5.511857	1.053030	0.023870
-5.491857	1.063218	0.023939
-5.471857	1.071232	0.023958
-5.451857	1.076957	0.023920
-5.431857	1.080326	0.023823
-5.411857	1.081301	0.023665
-5.391857	1.079906	0.023446
-5.371857	1.076223	0.023166
-5.351857	1.070384	0.022827
-5.331757	1.062560	0.022433
-5.311757	1.052959	0.021988
-5.291757	1.041819	0.021496
-5.271757	1.029402	0.020964
-5.251757	1.015988	0.020397
-5.231757	1.001848	0.019803
-5.211757	0.987246	0.019187
-5.191757	0.972469	0.018556
-5.171757	0.957731	0.017915
-5.151757	0.943254	0.017271
-5.131657	0.929241	0.016627
-5.111657	0.915864	0.015988
-5.091657	0.903268	0.015357
-5.071657	0.891578	0.014737
-5.051657	0.880903	0.014129
-5.031657	0.871317	0.013536
-5.011657	0.862882	0.012959
-4.991657	0.855658	0.012399
-4.971657	0.849706	0.011856
-4.951657	0.845070	0.011331
-4.931557	0.841800	0.010825
-4.911557	0.839935	0.010340
-4.891557	0.839510	0.009876
-4.871557	0.840565	0.009435
-4.851557	0.843133	0.009019
-4.831557	0.847236	0.008630
-4.811557	0.852878	0.008270
-4.791557	0.860054	0.007942
-4.771557	0.868723	0.007647
-4.751557	0.878831	0.007387
-4.731457	0.890298	0.007164
-4.711457	0.903022	0.006979
-4.691457	0.916866	0.006834
-4.671457	0.931686	0.006729
-4.651457	0.947293	0.006664
-4.631457	0.963504	0.006637
-4.611457	0.980130	0.006648
-4.591457	0.996970	0.006696
-4.571457	1.013804	0.006778
-4.551457	1.030472	0.006891
-4.531357	1.046791	0.007034
-4.511357	1.062606	0.007204
-4.491357	1.077789	0.007396
-4.471357	1.092242	0.007610
-4.451357	1.105890	0.007842
-4.431357	1.118693	0.008091
-4.411357	1.130619	0.008353
-4.391357	1.141667	0.008628
-4.371357	1.151850	0.008914
-4.351357	1.161207	0.009209
-4.331257	1.169795	0.009514
-4.311257	1.177673	0.009828
-4.291257	1.184920	0.010151
-4.271257	1.191623	0.010483
-4.251257	1.197882	0.010825
-4.231257	1.203808	0.011177
-4.211257	1.209522	0.011540
-4.191257	1.215165	0.011915
-4.171257	1.220883	0.012302
-4.151257	1.226834	0.012702
-4.131157	1.233178	0.013116
-4.111157	1.240076	0.013544
-4.091157	1.247686	0.013985
-4.071157	1.256167	0.014439
-4.051157	1.265628	0.014904
-4.031157	1.276177	0.015378
-4.011157	1.287873	0.015859
-3.991157	1.300770	0.016343
-3.971157	1.314854	0.016826
-3.951157	1.330046	0.017303
-3.931057	1.346260	0.017770
-3.911057	1.363363	0.018220
-3.891057	1.381190	0.018649
-3.871057	1.399514	0.019050
-3.851057	1.418131	0.019419
-3.831057	1.436823	0.019749
-3.811057	1.455343	0.020038
-3.791057	1.473542	0.020283
-3.771057	1.491140	0.020480
-3.751057	1.507996	0.020628
-3.730957	1.523972	0.020729
-3.710957	1.538997	0.020784
-3.690957	1.552997	0.020795
-3.670957	1.565958	0.020767
-3.650957	1.577897	0.020704
-3.630957	1.588890	0.020611
-3.610957	1.599051	0.020496
-3.590957	1.608508	0.020364
-3.570957	1.617401	0.020222
-3.550957	1.625941	0.020078
-3.530857	1.634302	0.019937
-3.510857	1.642676	0.019807
-3.490857	1.651252	0.019691
-3.470857	1.660214	0.019596
-3.450857	1.669726	0.019525
-3.430857	1.679925	0.019481
-3.410857	1.690930	0.019467
-3.390857	1.702826	0.019484
-3.370857	1.715647	0.019532
-3.350857	1.729398	0.019611
-3.330757	1.744024	0.019719
-3.310757	1.759442	0.019853
-3.290757	1.775531	0.020010
-3.270757	1.792129	0.020186
-3.250757	1.809027	0.020375
-3.230757	1.825996	0.020572
-3.210757	1.842783	0.020771
-3.190757	1.859118	0.020967
-3.170757	1.874717	0.021153
-3.150757	1.889299	0.021324
-3.130657	1.902577	0.021474
-3.110657	1.914290	0.021600
-3.090657	1.924165	0.021697
-3.070657	1.931959	0.021762
-3.050657	1.937438	0.021794
-3.030657	1.940428	0.021794
-3.010657	1.940758	0.021761
-2.990657	1.938289	0.021697
-2.970657	1.932926	0.021607
-2.950657	1.924610	0.021494
-2.930557	1.913283	0.021363
-2.910557	1.898919	0.021218
-2.890557	1.881558	0.021066
-2.870557	1.861242	0.020911
-2.850557	1.838053	0.020759
-2.830557	1.812103	0.020614
-2.810557	1.783537	0.020479
-2.790557	1.752541	0.020358
-2.770557	1.719324	0.020253
-2.750557	1.684134	0.020167
-2.730457	1.647253	0.020099
-2.710457	1.608992	0.020049
-2.690457	1.569726	0.020018
-2.670457	1.529811	0.020004
-2.650457	1.489673	0.020007
-2.630457	1.449744	0.020024
-2.610457	1.410473	0.020054
-2.590457	1.372312	0.020096
-2.570457	1.335726	0.020148
-2.550457	1.301163	0.020207
-2.530357	1.269104	0.020273
-2.510357	1.239886	0.020343
-2.490357	1.213907	0.020415
-2.470357	1.191493	0.020486
-2.450357	1.172889	0.020554
-2.430357	1.158318	0.020616
-2.410357	1.147907	0.020670
-2.390357	1.141720	0.020713
-2.370357	1.139750	0.020741
-2.350357	1.141900	0.020751
-2.330257	1.148054	0.020741
-2.310257	1.157963	0.020709
-2.290257	1.171352	0.020650
-2.270257	1.187878	0.020565
-2.250257	1.207168	0.020451
-2.230257	1.228785	0.020307
-2.210257	1.252265	0.020133
-2.190257	1.277156	0.019929
-2.170257	1.302943	0.019696
-2.150257	1.329236	0.019435
-2.130157	1.355518	0.019149
-2.110157	1.381362	0.018840
-2.090157	1.406349	0.018510
-2.070157	1.430151	0.018163
-2.050157	1.452455	0.017803
-2.030157	1.473005	0.017434
-2.010157	1.491587	0.017061
-1.990157	1.508028	0.016688
-1.970157	1.522240	0.016321
-1.950157	1.534141	0.015964
-1.930057	1.543713	0.015621
-1.910057	1.550973	0.015299
-1.890057	1.555969	0.015001
-1.870057	1.558756	0.014731
-1.850057	1.559425	0.014493
-1.830057	1.558097	0.014290
-1.810057	1.554859	0.014124
-1.790057	1.549851	0.013997
-1.770057	1.543199	0.013909
-1.750057	1.535048	0.013860
-1.729957	1.525518	0.013848
-1.709957	1.514784	0.013873
-1.689957	1.502989	0.013930
-1.669957	1.490296	0.014016
-1.649957	1.476871	0.014127
-1.629957	1.462891	0.014258
-1.609957	1.448537	0.014403
-1.589957	1.434028	0.014556
-1.569957	1.419500	0.014712
-1.549957	1.405171	0.014865
-1.529857	1.391244	0.015010
-1.509857	1.377893	0.015141
-1.489857	1.365305	0.015253
-1.469857	1.353689	0.015343
-1.449857	1.343210	0.015408
-1.429857	1.334032	0.015446
-1.409857	1.326296	0.015454
-1.389857	1.320139	0.015434
-1.369857	1.315674	0.015385
-1.349857	1.313013	0.015309
-1.329757	1.312217	0.015209
-1.309757	1.313338	0.015086
-1.289757	1.316430	0.014946
-1.269757	1.321471	0.014792
-1.249757	1.328440	0.014627
-1.229757	1.337275	0.014457
-1.209757	1.347894	0.014285
-1.189757	1.360185	0.014116
-1.169757	1.374010	0.013954
-1.149757	1.389208	0.013803
-1.129657	1.405587	0.013665
-1.109657	1.422938	0.013543
-1.089657	1.441023	0.013439
-1.069657	1.459581	0.013354
-1.049657	1.478369	0.013291
-1.029657	1.497092	0.013247
-1.009657	1.515462	0.013223
-0.989657	1.533196	0.013218
-0.969657	1.550002	0.013230
-0.949657	1.565581	0.013256
-0.929557	1.579658	0.013293
-0.909557	1.591939	0.013337
-0.889557	1.602254	0.013386
-0.869557	1.610345	0.013436
-0.849557	1.616027	0.013481
-0.829557	1.619167	0.013518
-0.809557	1.619653	0.013544
-0.789557	1.617420	0.013554
-0.769557	1.612447	0.013546
-0.749557	1.604751	0.013515
-0.729457	1.594396	0.013462
-0.709457	1.581464	0.013382
-0.689457	1.566090	0.013277
-0.669457	1.548418	0.013144
-0.649457	1.528618	0.012985
-0.629457	1.506881	0.012801
-0.609457	1.483388	0.012593
-0.589457	1.458328	0.012363
-0.569457	1.431890	0.012113
-0.549457	1.404261	0.011847
-0.529357	1.375616	0.011567
-0.509357	1.346133	0.011277
-0.489357	1.315972	0.010980
-0.469357	1.285297	0.010680
-0.449357	1.254260	0.010380
-0.429357	1.223018	0.010084
-0.409357	1.191728	0.009795
-0.389357	1.160547	0.009516
-0.369357	1.129650	0.009249
-0.349357	1.099197	0.008998
-0.329257	1.069372	0.008765
-0.309257	1.040337	0.008551
-0.289257	1.012262	0.008359
-0.269257	0.985306	0.008191
-0.249257	0.959638	0.008046
-0.229257	0.935389	0.007927
-0.209257	0.912673	0.007834
-0.189257	0.891611	0.007768
-0.169257	0.872262	0.007728
-0.149257	0.854669	0.007715
-0.129157	0.838840	0.007728
-0.109157	0.824767	0.007766
-0.089157	0.812392	0.007828
-0.069157	0.801638	0.007913
-0.049157	0.792393	0.008020
-0.029157	0.784523	0.008146
-0.009157	0.777869	0.008291
0.010843	0.772253	0.008452
0.030843	0.767465	0.008627
0.050843	0.763366	0.008813
0.070943	0.759723	0.009008
0.090943	0.756336	0.009212
0.110943	0.753038	0.009422
0.130943	0.749643	0.009638
0.150943	0.745986	0.009859
0.170943	0.741942	0.010085
0.190943	0.737395	0.010318
0.210943	0.732252	0.010557
0.230943	0.726446	0.010807
0.250943	0.719938	0.011069
0.271043	0.712706	0.011348
0.291043	0.704775	0.011647
0.311043	0.696169	0.011971
0.331043	0.686937	0.012325
0.351043	0.677154	0.012716
0.371043	0.666880	0.013145
0.391043	0.656208	0.013615
0.411043	0.645224	0.014131
0.431043	0.634000	0.014693
0.451043	0.622616	0.015302
0.471143	0.611131	0.015956
0.491143	0.599586	0.016650
0.511143	0.588006	0.017379
0.531143	0.576402	0.018135
0.551143	0.564762	0.018909
0.571143	0.553052	0.019690
0.591143	0.541229	0.020467
0.611143	0.529228	0.021226
0.631143	0.516982	0.021955
0.651143	0.504422	0.022643
0.671243	0.491482	0.023280
0.691243	0.478104	0.023856
0.711243	0.464246	0.024366
0.731243	0.449888	0.024807
0.751243	0.435032	0.025178
0.771243	0.419712	0.025484
0.791243	0.403989	0.025731
0.811243	0.387951	0.025928
0.831243	0.371715	0.026089
0.851243	0.355419	0.026227
0.871343	0.339219	0.026356
0.891343	0.323281	0.026494
0.911343	0.307776	0.026654
0.931343	0.292872	0.026850
0.951343	0.278726	0.027094
0.971343	0.265480	0.027394
0.991343	0.253253	0.027757
1.011343	0.242139	0.028186
1.031343	0.232205	0.028681
1.051343	0.223486	0.029239
1.071443	0.215988	0.029854
1.091443	0.209693	0.030520
1.111443	0.204552	0.031229
1.131443	0.200497	0.031971
1.151443	0.197442	0.032737
1.171443	0.195289	0.033521
1.191443	0.193928	0.034314
1.211443	0.193244	0.035112
1.231443	0.193120	0.035909
1.251443	0.193441	0.036703
1.271543	0.194095	0.037494
1.291543	0.194975	0.038281
1.311543	0.195984	0.039064
1.331543	0.197029	0.039847
1.351543	0.198030	0.040630
1.371543	0.198917	0.041415
1.391543	0.199628	0.042205
1.411543	0.200113	0.043000
1.431543	0.200335	0.043801
1.451543	0.200268	0.044610
1.471643	0.199897	0.045424
1.491643	0.199222	0.046244
1.511643	0.198252	0.047069
1.531643	0.197010	0.047897
1.551643	0.195528	0.048727
1.571643	0.193852	0.049558
1.591643	0.192034	0.050389
1.611643	0.190134	0.051218
1.631643	0.188219	0.052045
1.651643	0.186356	0.052870
1.671743	0.184612	0.053690
1.691743	0.183050	0.054505
1.711743	0.181731	0.055312
1.731743	0.180706	0.056110
1.751743	0.180015	0.056895
1.771743	0.179686	0.057663
1.791743	0.179731	0.058409
1.811743	0.180148	0.059126
1.831743	0.180915	0.059805
1.851743	0.181995	0.060436
1.871843	0.183336	0.061009
1.891843	0.184869	0.061511
1.911843	0.186513	0.061928
1.931843	0.188177	0.062248
1.951843	0.189763	0.062456
1.971843	0.191164	0.062535
1.991843	0.192289	0.062478
2.011843	0.193036	0.062272
2.031843	0.193311	0.061906
2.051843	0.193039	0.061375
2.071943	0.192152	0.060675
2.091943	0.190601	0.059809
2.111943	0.188354	0.058780
2.131943	0.185398	0.057598
2.151943	0.181743	0.056279
2.171943	0.177413	0.054842
2.191943	0.172454	0.053310
2.211943	0.166929	0.051714
2.231943	0.160915	0.050088
2.251943	0.154504	0.048470
2.272043	0.147797	0.046904
2.292043	0.140905	0.045435
2.312043	0.133941	0.044113
2.332043	0.127024	0.042990
2.352043	0.120271	0.042118
2.372043	0.113801	0.041564
2.392043	0.107718	0.041363
2.412043	0.102126	0.041578
2.432043	0.097120	0.042260
2.452043	0.092782	0.043459
2.472143	0.089180	0.045221
2.492143	0.086372	0.047585
2.512143	0.084398	0.050585
2.532143	0.083282	0.054250
2.552143	0.083033	0.058597
2.572143	0.083644	0.063640
2.592143	0.085092	0.069378
2.612143	0.087336	0.075804
2.632143	0.090324	0.082900
2.652143	0.093988	0.090637
2.672243	0.098249	0.098977
2.692243	0.103017	0.107872
2.712243	0.108194	0.117262
2.732243	0.113678	0.127083
2.752243	0.119358	0.137257
2.772243	0.125126	0.147701
2.792243	0.130871	0.158325
2.812243	0.136484	0.169033
2.832243	0.141862	0.179724
2.852243	0.146908	0.190295
2.872343	0.151532	0.200638
2.892343	0.155655	0.210649
2.912343	0.159206	0.220223
2.932343	0.162131	0.229263
2.952343	0.164383	0.237673
2.972343	0.165934	0.245371
2.992343	0.166765	0.252284
3.012343	0.166874	0.258353
3.032343	0.166272	0.263534
3.052343	0.164982	0.267804
3.072443	0.163042	0.271157
3.092443	0.160499	0.273609
3.112443	0.157411	0.275199
3.132443	0.153844	0.275984
3.152443	0.149871	0.276044
3.172443	0.145569	0.275476
3.192443	0.141017	0.274394
3.212443	0.136295	0.272920
3.232443	0.131483	0.271193
3.252443	0.126656	0.269351
3.272543	0.121886	0.267538
3.292543	0.117236	0.265891
3.312543	0.112763	0.264542
3.332543	0.108516	0.263610
3.352543	0.104535	0.263208
3.372543	0.100850	0.263422
3.392543	0.097485	0.264347
3.412543	0.094451	0.266017
3.432543	0.091754	0.268479
3.452543	0.089396	0.271756
3.472643	0.087371	0.275863
3.492643	0.085669	0.280803
3.512643	0.084279	0.286569
3.532643	0.083188	0.293155
3.552643	0.082381	0.300553
3.572643	0.081847	0.308764
3.592643	0.081575	0.317807
3.612643	0.081558	0.327708
3.632643	0.081791	0.338511
3.652643	0.082271	0.350280
3.672743	0.083000	0.363098
3.692743	0.083985	0.377072
3.712743	0.085231	0.392322
3.732743	0.086750	0.408989
3.752743	0.088551	0.427221
3.772743	0.090645	0.447172
3.792743	0.093042	0.468993
3.812743	0.095748	0.492822
3.832743	0.098766	0.518770
3.852743	0.102094	0.546916
3.872843	0.105723	0.577292
3.892843	0.109637	0.609869
3.912843	0.113810	0.644550
3.932843	0.118207	0.681155
3.952843	0.122785	0.719421
3.972843	0.127490	0.758992
3.992843	0.132257	0.799414
4.012843	0.137021	0.840171
4.032843	0.141702	0.880638
4.052843	0.146218	0.920137
4.072943	0.150487	0.957940
4.092943	0.154426	0.993293
4.112943	0.157955	1.025438
4.132943	0.161003	1.053642
4.152943	0.163502	1.077220
4.172943	0.165401	1.095566
4.192943	0.166657	1.108173
4.212943	0.167243	1.114657
4.232943	0.167148	1.114771
4.252943	0.166376	1.108415
4.273043	0.164943	1.095641
4.293043	0.162881	1.076652
4.313043	0.160236	1.051798
4.333043	0.157062	1.021540
4.353043	0.153420	0.986460
4.373043	0.149378	0.947224
4.393043	0.145009	0.904557
4.413043	0.140387	0.859208
4.433043	0.135581	0.811952
4.453043	0.130663	0.763549
4.473143	0.125700	0.714727
4.493143	0.120756	0.666164
4.513143	0.115889	0.618481
4.533143	0.111153	0.572228
4.553143	0.106598	0.527883
4.573143	0.102270	0.485851
4.593143	0.098211	0.446466
4.613143	0.094460	0.409994
4.633143	0.091054	0.376644
4.653143	0.088029	0.346566
4.673243	0.085415	0.319867
4.693243	0.083243	0.296609
4.713243	0.081541	0.276822
4.733243	0.080333	0.260501
4.753243	0.079639	0.247610
4.773243	0.079475	0.238089
4.793243	0.079849	0.231843
4.813243	0.080764	0.228752
4.833243	0.082212	0.228663
4.853243	0.084178	0.231383
4.873343	0.086634	0.236687
4.893343	0.089540	0.244310
4.913343	0.092848	0.253951
4.933343	0.096497	0.265270
4.953343	0.100414	0.277897
4.973343	0.104516	0.291425
4.993343	0.108715	0.305435
5.013343	0.112911	0.319477
5.033343	0.117008	0.333137
5.053343	0.120902	0.345973
5.073443	0.124495	0.357575
5.093443	0.127690	0.367563
5.113443	0.130404	0.375608
5.133443	0.132559	0.381433
5.153443	0.134095	0.384828
5.173443	0.134965	0.385656
5.193443	0.135140	0.383849
5.213443	0.134609	0.379411
5.233443	0.133379	0.372426
5.253443	0.131474	0.363049
5.273543	0.128934	0.351488
5.293543	0.125815	0.338006
5.313543	0.122183	0.322902
5.333543	0.118115	0.306500
5.353543	0.113694	0.289137
5.373543	0.109008	0.271152
5.393543	0.104145	0.252870
5.413543	0.099191	0.234597
5.433543	0.094228	0.216609
5.453543	0.089334	0.199149
5.473643	0.084575	0.182415
5.493643	0.080012	0.166568
5.513643	0.075694	0.151727
5.533643	0.071661	0.137972
5.553643	0.067944	0.125346
5.573643	0.064561	0.113859
5.593643	0.061524	0.103493
5.613643	0.058837	0.094210
5.633643	0.056494	0.085951
5.653643	0.054487	0.078645
5.673743	0.052799	0.072215
5.693743	0.051413	0.066578
5.713743	0.050309	0.061652
5.733743	0.049464	0.057354
5.753743	0.048856	0.053611
5.773743	0.048464	0.050350
5.793743	0.048267	0.047510
5.813743	0.048250	0.045035
5.833743	0.048395	0.042877
5.853743	0.048692	0.040997
5.873843	0.049130	0.039361
5.893843	0.049705	0.037944
5.913843	0.050411	0.036724
5.933843	0.051248	0.035681
5.953843	0.052218	0.034812
5.973843	0.053322	0.034105
5.993843	0.054562	0.033551
6.013843	0.055940	0.033145
6.033843	0.057459	0.032892
6.053843	0.059123	0.032781
6.073943	0.060927	0.032804
6.093943	0.062869	0.032955
6.113943	0.064943	0.033226
6.133943	0.067142	0.033609
6.153943	0.069455	0.034094
6.173943	0.071871	0.034670
6.193943	0.074374	0.035325
6.213943	0.076947	0.036044
6.233943	0.079574	0.036817
6.253943	0.082237	0.037630
6.274043	0.084917	0.038471
6.294043	0.087598	0.039330
6.314043	0.090261	0.040197
6.334043	0.092890	0.041063
6.354043	0.095468	0.041924
6.374043	0.097982	0.042774
6.394043	0.100419	0.043612
6.414043	0.102766	0.044437
6.434043	0.105012	0.045251
6.454043	0.107150	0.046055
6.474143	0.109168	0.046855
6.494143	0.111062	0.047652
6.514143	0.112822	0.048453
6.534143	0.114444	0.049260
6.554143	0.115922	0.050078
6.574143	0.117251	0.050908
6.594143	0.118426	0.051751
6.614143	0.119444	0.052606
6.634143	0.120299	0.053471
6.654143	0.120988	0.054338
6.674243	0.121506	0.055203
6.694243	0.121850	0.056054
6.714243	0.122015	0.056880
6.734243	0.121997	0.057667
6.754243	0.121790	0.058399
6.774243	0.121391	0.059061
6.794243	0.120795	0.059635
6.814243	0.119999	0.060104
6.834243	0.119000	0.060449
6.854243	0.117797	0.060657
6.874343	0.116390	0.060713
6.894343	0.114783	0.060605
6.914343	0.112980	0.060324
6.934343	0.110990	0.059866
6.954343	0.108825	0.059230
6.974343	0.106499	0.058417
6.994343	0.104029	0.057434
7.014343	0.101439	0.056291
7.034343	0.098751	0.055003
7.054343	0.095991	0.053586
7.074443	0.093187	0.052059
7.094443	0.090366	0.050443
7.114443	0.087556	0.048760
7.134443	0.084788	0.047033
7.154443	0.082087	0.045283
7.174443	0.079480	0.043533
7.194443	0.076990	0.041802
7.214443	0.074639	0.040109
7.234443	0.072445	0.038469
7.254443	0.070425	0.036896
7.274543	0.068593	0.035403
7.294543	0.066959	0.033999
7.314543	0.065531	0.032690
7.334543	0.064317	0.031482
7.354543	0.063321	0.030379
7.374543	0.062545	0.029383
7.394543	0.061990	0.028494
7.414543	0.061657	0.027712
7.434543	0.061543	0.027037
7.454543	0.061646	0.026466
7.474643	0.061960	0.025997
7.494643	0.062479	0.025628
7.514643	0.063197	0.025354
7.534643	0.064103	0.025173
7.554643	0.065185	0.025078
7.574643	0.066432	0.025067
7.594643	0.067824	0.025131
7.614643	0.069346	0.025267
7.634643	0.070975	0.025464
7.654643	0.072689	0.025715
7.674743	0.074462	0.026011
7.694743	0.076269	0.026343
7.714743	0.078082	0.026701
7.734743	0.079872	0.027073
7.754743	0.081614	0.027450
7.774743	0.083279	0.027821
7.794743	0.084844	0.028177
7.814743	0.086289	0.028509
7.834743	0.087594	0.028811
7.854743	0.088745	0.029075
7.874843	0.089733	0.029297
7.894843	0.090553	0.029474
7.914843	0.091204	0.029607
7.934843	0.091690	0.029695
7.954843	0.092021	0.029742
7.974843	0.092207	0.029752
7.994843	0.092263	0.029731
8.014843	0.092204	0.029684
8.034843	0.092045	0.029619
8.054843	0.091802	0.029540
8.074943	0.091487	0.029456
8.094943	0.091112	0.029371
8.114943	0.090685	0.029289
8.134943	0.090212	0.029215
8.154943	0.089696	0.029149
8.174943	0.089135	0.029094
8.194943	0.088526	0.029050
8.214943	0.087865	0.029015
8.234943	0.087146	0.028989
8.254943	0.086363	0.028970
8.275043	0.085513	0.028958
8.295043	0.084592	0.028951
8.315043	0.083602	0.028951
8.335043	0.082544	0.028957
8.355043	0.081427	0.028972
8.375043	0.080260	0.028999
8.395043	0.079057	0.029042
8.415043	0.077834	0.029106
8.435043	0.076609	0.029196
8.455043	0.075403	0.029316
8.475143	0.074237	0.029473
8.495143	0.073128	0.029670
8.515143	0.072095	0.029912
8.535143	0.071154	0.030198
8.555143	0.070317	0.030532
8.575143	0.069595	0.030911
8.595143	0.068991	0.031333
8.615143	0.068509	0.031795
8.635143	0.068146	0.032291
8.655143	0.067896	0.032813
8.675243	0.067755	0.033356
8.695243	0.067711	0.033911
8.715243	0.067752	0.034469
8.735243	0.067867	0.035022
8.755243	0.068043	0.035564
8.775243	0.068267	0.036086
8.795243	0.068527	0.036581
8.815243	0.068811	0.037044
8.835243	0.069111	0.037472
8.855243	0.069418	0.037861
8.875343	0.069722	0.038208
8.895343	0.070017	0.038513
8.915343	0.070297	0.038775
8.935343	0.070557	0.038995
8.955343	0.070791	0.039175
8.975343	0.070994	0.039316
8.995343	0.071161	0.039423
9.015343	0.071288	0.039498
9.035343	0.071371	0.039544
9.055343	0.071404	0.039567
9.075443	0.071385	0.039570
9.095443	0.071311	0.039560
9.115443	0.071180	0.039542
9.135443	0.070993	0.039522
9.155443	0.070752	0.039508
9.175443	0.070460	0.039508
9.195443	0.070123	0.039529
9.215443	0.069753	0.039583
9.235443	0.069358	0.039677
9.255443	0.068951	0.039820
9.275543	0.068548	0.040023
9.295543	0.068166	0.040294
9.315543	0.067819	0.040641
9.335543	0.067523	0.041067
9.355543	0.067292	0.041578
9.375543	0.067140	0.042175
9.395543	0.067076	0.042855
9.415543	0.067107	0.043614
9.435543	0.067236	0.044444
9.455543	0.067463	0.045333
9.475643	0.067781	0.046265
9.495643	0.068182	0.047225
9.515643	0.068653	0.048190
9.535643	0.069180	0.049141
9.555643	0.069744	0.050055
9.575643	0.070328	0.050910
9.595643	0.070914	0.051683
9.615643	0.071483	0.052357
9.635643	0.072021	0.052914
9.655643	0.072515	0.053341
9.675743	0.072953	0.053628
9.695743	0.073331	0.053770
9.715743	0.073644	0.053764
9.735743	0.073893	0.053615
9.755743	0.074080	0.053328
9.775743	0.074211	0.052913
9.795743	0.074293	0.052384
9.815743	0.074332	0.051755
9.835743	0.074336	0.051042
9.855743	0.074313	0.050262
9.875843	0.074266	0.049432
9.895843	0.074198	0.048568
9.915843	0.074110	0.047685
9.935843	0.073998	0.046795
9.955843	0.073860	0.045911
9.975843	0.073689	0.045042
9.995843	0.073478	0.044195
10.015843	0.073218	0.043378
10.035843	0.072903	0.042593
10.055843	0.072527	0.041846
10.075943	0.072085	0.041138
10.095943	0.071574	0.040471
10.115943	0.070997	0.039846
10.135943	0.070359	0.039265
10.155943	0.069666	0.038729
10.175943	0.068929	0.038239
10.195943	0.068163	0.037796
10.215943	0.067381	0.037402
10.235943	0.066600	0.037056
10.255943	0.065838	0.036762
10.276043	0.065111	0.036519
10.296043	0.064433	0.036328
10.316043	0.063818	0.036190
10.336043	0.063277	0.036105
10.356043	0.062817	0.036071
10.376043	0.062443	0.036088
10.396043	0.062157	0.036156
10.416043	0.061957	0.036271
10.436043	0.061839	0.036432
10.456043	0.061796	0.036636
10.476143	0.061819	0.036879
10.496143	0.061900	0.037158
10.516143	0.062028	0.037468
10.536143	0.062193	0.037804
10.556143	0.062385	0.038162
10.576143	0.062596	0.038534
10.596143	0.062818	0.038915
10.616143	0.063048	0.039299
10.636143	0.063281	0.039679
10.656143	0.063520	0.040049
10.676243	0.063765	0.040402
10.696243	0.064024	0.040734
10.716243	0.064303	0.041040
10.736243	0.064615	0.041317
10.756243	0.064971	0.041563
10.776243	0.065387	0.041779
10.796243	0.065879	0.041967
10.816243	0.066465	0.042129
10.836243	0.067160	0.042271
10.856243	0.067983	0.042401
10.876343	0.068947	0.042525
10.896343	0.070066	0.042653
10.916343	0.071349	0.042793
10.936343	0.072803	0.042955
10.956343	0.074431	0.043147
10.976343	0.076228	0.043375
10.996343	0.078186	0.043646
11.016343	0.080291	0.043962
11.036343	0.082524	0.044325
11.056343	0.084861	0.044734
11.076443	0.087276	0.045185
11.096443	0.089737	0.045673
11.116443	0.092209	0.046192
11.136443	0.094659	0.046734
11.156443	0.097052	0.047289
11.176443	0.099357	0.047850
11.196443	0.101542	0.048407
11.216443	0.103582	0.048955
11.236443	0.105457	0.049488
11.256443	0.107149	0.050003
11.276543	0.108652	0.050499
11.296543	0.109961	0.050978
11.316543	0.111081	0.051442
11.336543	0.112018	0.051898
11.356543	0.112788	0.052351
11.376543	0.113405	0.052809
11.396543	0.113891	0.053278
11.416543	0.114266	0.053767
11.436543	0.114550	0.054279
11.456543	0.114762	0.054817
11.476643	0.114919	0.055382
11.496643	0.115036	0.055970
11.516643	0.115122	0.056577
11.536643	0.115185	0.057193
11.556643	0.115225	0.057806
11.576643	0.115241	0.058402
11.596643	0.115229	0.058966
11.616643	0.115181	0.059479
11.636643	0.115088	0.059925
11.656643	0.114941	0.060287
11.676743	0.114730	0.060549
11.696743	0.114448	0.060699
11.716743	0.114089	0.060726
11.736743	0.113649	0.060623
11.756743	0.113129	0.060386
11.776743	0.112533	0.060016
11.796743	0.111867	0.059516
11.816743	0.111142	0.058894
11.836743	0.110372	0.058160
11.856743	0.109573	0.057327
11.876843	0.108763	0.056409
11.896843	0.107962	0.055423
11.916843	0.107188	0.054386
11.936843	0.106462	0.053314
11.956843	0.105802	0.052224
11.976843	0.105223	0.051132
11.996843	0.104740	0.050051
12.016843	0.104364	0.048994
12.036843	0.104102	0.047971
12.056843	0.103960	0.046991
12.076943	0.103938	0.046061
12.096943	0.104033	0.045185
12.116943	0.104239	0.044366
12.136943	0.104547	0.043605
12.156943	0.104945	0.042901
12.176943	0.105419	0.042254
12.196943	0.105954	0.041659
12.216943	0.106531	0.041115
12.236943	0.107134	0.040617
12.256943	0.107745	0.040162
12.277043	0.108346	0.039745
12.297043	0.108920	0.039362
12.317043	0.109453	0.039011
12.337043	0.109933	0.038692
12.357043	0.110345	0.038397
12.377043	0.110681	0.038129
12.397043	0.110934	0.037886
12.417043	0.111099	0.037669
12.437043	0.111175	0.037478
12.457043	0.111161	0.037318
12.477143	0.111060	0.037189
12.497143	0.110876	0.037095
12.517143	0.110618	0.037041
12.537143	0.110291	0.037031
12.557143	0.109906	0.037068
12.577143	0.109476	0.037158
12.597143	0.109012	0.037305
12.617143	0.108529	0.037513
12.637143	0.108042	0.037787
12.657143	0.107567	0.038130
12.677243	0.107120	0.038545
12.697243	0.106719	0.039036
12.717243	0.106382	0.039606
12.737243	0.106128	0.040254
12.757243	0.105974	0.040982
12.777243	0.105935	0.041788
12.797243	0.106028	0.042671
12.817243	0.106266	0.043627
12.837243	0.106660	0.044650
12.857243	0.107219	0.045735
12.877343	0.107947	0.046872
12.897343	0.108845	0.048050
12.917343	0.109909	0.049258
12.937343	0.111131	0.050482
12.957343	0.112498	0.051707
12.977343	0.113994	0.052918
12.997343	0.115597	0.054097
13.017343	0.117283	0.055228
13.037343	0.119027	0.056297
13.057343	0.120802	0.057288
13.077443	0.122579	0.058189
13.097443	0.124333	0.058990
13.117443	0.126042	0.059686
13.137443	0.127683	0.060270
13.157443	0.129240	0.060742
13.177443	0.130700	0.061104
13.197443	0.132057	0.061363
13.217443	0.133307	0.061526
13.237443	0.134450	0.061603
13.257443	0.135492	0.061606
13.277543	0.136438	0.061549
13.297543	0.137294	0.061442
13.317543	0.138069	0.061297
13.337543	0.138767	0.061126
13.357543	0.139394	0.060935
13.377543	0.139949	0.060732
13.397543	0.140431	0.060521
13.417543	0.140835	0.060302
13.437543	0.141152	0.060076
13.457543	0.141373	0.059840
13.477643	0.141487	0.059593
13.497643	0.141484	0.059329
13.517643	0.141354	0.059046
13.537643	0.141093	0.058743
13.557643	0.140697	0.058416
13.577643	0.140170	0.058068
13.597643	0.139521	0.057700
13.617643	0.138763	0.057318
13.637643	0.137917	0.056927
13.657643	0.137009	0.056535
13.677743	0.136067	0.056152
13.697743	0.135123	0.055788
13.717743	0.134212	0.055452
13.737743	0.133367	0.055154
13.757743	0.132622	0.054905
13.777743	0.132007	0.054712
13.797743	0.131549	0.054582
13.817743	0.131271	0.054522
13.837743	0.131191	0.054537
13.857743	0.131322	0.054632
13.877843	0.131671	0.054809
13.897843	0.132244	0.055074
13.917843	0.133040	0.055431
13.937843	0.134057	0.055884
13.957843	0.135288	0.056437
13.977843	0.136730	0.057101
13.997843	0.138372	0.057880
14.017843	0.140206	0.058780
14.037843	0.142220	0.059809
14.057843	0.144403	0.060972
14.077943	0.146742	0.062273
14.097943	0.149222	0.063715
14.117943	0.151825	0.065296
14.137943	0.154531	0.067011
14.157943	0.157315	0.068850
14.177943	0.160147	0.070799
14.197943	0.162995	0.072839
14.217943	0.165820	0.074945
14.237943	0.168579	0.077088
14.257943	0.171226	0.079235
14.278043	0.173711	0.081350
14.298043	0.175983	0.083394
14.318043	0.177989	0.085328
14.338043	0.179678	0.087110
14.358043	0.180999	0.088702
14.378043	0.181908	0.090068
14.398043	0.182367	0.091176
14.418043	0.182342	0.091996
14.438043	0.181811	0.092507
14.458043	0.180758	0.092693
14.478143	0.179180	0.092544
14.498143	0.177084	0.092060
14.518143	0.174487	0.091246
14.538143	0.171418	0.090114
14.558143	0.167913	0.088684
14.578143	0.164019	0.086980
14.598143	0.159789	0.085035
14.618143	0.155280	0.082882
14.638143	0.150558	0.080562
14.658143	0.145689	0.078114
14.678243	0.140743	0.075581
14.698243	0.135789	0.073007
14.718243	0.130894	0.070434
14.738243	0.126122	0.067901
14.758243	0.121537	0.065449
14.778243	0.117198	0.063112
14.798243	0.113159	0.060922
14.818243	0.109470	0.058906
14.838243	0.106176	0.057090
14.858243	0.103318	0.055493
14.878343	0.100929	0.054130
14.898343	0.099042	0.053014
14.918343	0.097679	0.052152
14.938343	0.096862	0.051550
14.958343	0.096600	0.051207
14.978343	0.096901	0.051121
14.998343	0.097765	0.051287
15.018343	0.099184	0.051697
15.038343	0.101139	0.052340
15.058343	0.103606	0.053204
15.078443	0.106550	0.054272
15.098443	0.109929	0.055528
15.118443	0.113690	0.056951
15.138443	0.117772	0.058521
15.158443	0.122108	0.060214
15.178443	0.126624	0.062006
15.198443	0.131241	0.063872
15.218443	0.135878	0.065786
15.238443	0.140454	0.067721
15.258443	0.144888	0.069651
15.278543	0.149104	0.071551
15.298543	0.153034	0.073398
15.318543	0.156616	0.075168
15.338543	0.159799	0.076840
15.358543	0.162541	0.078397
15.378543	0.164814	0.079823
15.398543	0.166602	0.081104
15.418543	0.167899	0.082230
15.438543	0.168713	0.083196
15.458543	0.169060	0.083998
15.478643	0.168967	0.084634
15.498643	0.168467	0.085106
15.518643	0.167598	0.085418
15.538643	0.166403	0.085577
15.558643	0.164929	0.085594
15.578643	0.163222	0.085478
15.598643	0.161329	0.085245
15.618643	0.159296	0.084909
15.638643	0.157168	0.084490
15.658643	0.154987	0.084006
15.678743	0.152794	0.083478
15.698743	0.150628	0.082930
15.718743	0.148524	0.082384
15.738743	0.146515	0.081867
15.758743	0.144632	0.081402
15.778743	0.142903	0.081015
15.798743	0.141353	0.080730
15.818743	0.140003	0.080568
15.838743	0.138871	0.080551
15.858743	0.137972	0.080696
15.878843	0.137314	0.081017
15.898843	0.136904	0.081525
15.918843	0.136742	0.082223
15.938843	0.136826	0.083115
15.958843	0.137148	0.084193
15.978843	0.137695	0.085447
15.998843	0.138451	0.086862
16.018843	0.139397	0.088416
16.038843	0.140511	0.090083
16.058843	0.141766	0.091833
16.078943	0.143138	0.093634
16.098943	0.144596	0.095449
16.118943	0.146112	0.097239
16.138943	0.147657	0.098967
16.158943	0.149199	0.100596
16.178943	0.150709	0.102090
16.198943	0.152159	0.103416
16.218943	0.153518	0.104545
16.238943	0.154759	0.105452
16.258943	0.155856	0.106120
16.279043	0.156782	0.106536
16.299043	0.157516	0.106694
16.319043	0.158040	0.106597
16.339043	0.158341	0.106254
16.359043	0.158411	0.105684
16.379043	0.158247	0.104910
16.399043	0.157853	0.103963
16.419043	0.157241	0.102879
16.439043	0.156432	0.101700
16.459043	0.155451	0.100470
16.479143	0.154332	0.099234
16.499143	0.153115	0.098041
16.519143	0.151844	0.096935
16.539143	0.150567	0.095959
16.559143	0.149333	0.095151
16.579143	0.148191	0.094543
16.599143	0.147186	0.094158
16.619143	0.146360	0.094013
16.639143	0.145745	0.094113
16.659143	0.145369	0.094456
16.679243	0.145247	0.095029
16.699243	0.145382	0.095809
16.719243	0.145769	0.096764
16.739243	0.146390	0.097858
16.759243	0.147214	0.099044
16.779243	0.148204	0.100274
16.799243	0.149310	0.101498
16.819243	0.150479	0.102662
16.839243	0.151651	0.103718
16.859243	0.152764	0.104619
16.879343	0.153760	0.105325
16.899343	0.154576	0.105801
16.919343	0.155161	0.106022
16.939343	0.155468	0.105971
16.959343	0.155459	0.105642
16.979343	0.155109	0.105036
16.999343	0.154402	0.104166
17.019343	0.153337	0.103051
17.039343	0.151922	0.101719
17.059343	0.150179	0.100203
17.079443	0.148140	0.098538
17.099443	0.145849	0.096768
17.119443	0.143356	0.094934
17.139443	0.140719	0.093077
17.159443	0.137999	0.091239
17.179443	0.135263	0.089456
17.199443	0.132574	0.087764
17.219443	0.129997	0.086192
17.239443	0.127594	0.084766
17.259443	0.125420	0.083508
17.279543	0.123528	0.082436
17.299543	0.121960	0.081564
17.319543	0.120751	0.080901
17.339543	0.119930	0.080456
17.359543	0.119516	0.080232
