Energy(eV)	C_p_DOS	Pt_d_DOS
-22.711025	0.000000	0.000000
-22.691025	0.000000	0.000000
-22.671025	0.000000	0.000000
-22.651025	0.000000	0.000000
-22.631025	0.000000	0.000000
-22.610925	0.000000	0.000000
-22.590925	0.000000	0.000000
-22.570925	0.000000	0.000000
-22.550925	0.000000	0.000000
-22.530925	0.000000	0.000000
-22.510925	0.000000	0.000000
-22.490925	0.000000	0.000000
-22.470925	0.000000	0.000000
-22.450925	0.000000	0.000000
-22.430925	0.000000	0.000000
-22.410825	0.000000	0.000000
-22.390825	0.000000	0.000000
-22.370825	0.000000	0.000000
-22.350825	0.000000	0.000000
-22.330825	0.000000	0.000000
-22.310825	0.000000	0.000000
-22.290825	0.000000	0.000000
-22.270825	0.000000	0.000000
-22.250825	0.000000	0.000000
-22.230825	0.000000	0.000000
-22.210725	0.000000	0.000000
-22.190725	0.000000	0.000000
-22.170725	0.000000	0.000000
-22.150725	0.000000	0.000000
-22.130725	0.000000	0.000000
-22.110725	0.000000	0.000000
-22.090725	0.000000	0.000000
-22.070725	0.000000	0.000000
-22.050725	0.000000	0.000000
-22.030725	0.000000	0.000000
-22.010625	0.000000	0.000000
-21.990625	0.000000	0.000000
-21.970625	0.000000	0.000000
-21.950625	0.000000	0.000000
-21.930625	0.000000	0.000000
-21.910625	0.000000	0.000000
-21.890625	0.000000	0.000000
-21.870625	0.000000	0.000000
-21.850625	0.000000	0.000000
-21.830625	0.000000	0.000000
-21.810525	0.000000	0.000000
-21.790525	0.000000	0.000000
-21.770525	0.000000	0.000000
-21.750525	0.000000	0.000000
-21.730525	0.000000	0.000000
-21.710525	0.000000	0.000000
-21.690525	0.000000	0.000000
-21.670525	0.000000	0.000000
-21.650525	0.000000	0.000000
-21.630525	0.000000	0.000000
-21.610425	0.000000	0.000000
-21.590425	0.000000	0.000000
-21.570425	0.000000	0.000000
-21.550425	0.000000	0.000000
-21.530425	0.000000	0.000000
-21.510425	0.000000	0.000000
-21.490425	0.000000	0.000000
-21.470425	0.000000	0.000000
-21.450425	0.000000	0.000000
-21.430425	0.000000	0.000000
-21.410325	0.000000	0.000000
-21.390325	0.000000	0.000000
-21.370325	0.000000	0.000000
-21.350325	0.000000	0.000000
-21.330325	0.000000	0.000000
-21.310325	0.000000	0.000000
-21.290325	0.000000	0.000000
-21.270325	0.000000	0.000000
-21.250325	0.000000	0.000000
-21.230325	0.000000	0.000000
-21.210225	0.000000	0.000000
-21.190225	0.000000	0.000000
-21.170225	0.000000	0.000000
-21.150225	0.000000	0.000000
-21.130225	0.000000	0.000000
-21.110225	0.000000	0.000000
-21.090225	0.000000	0.000000
-21.070225	0.000000	0.000000
-21.050225	0.000000	0.000000
-21.030225	0.000000	0.000000
-21.010125	0.000000	0.000000
-20.990125	0.000000	0.000000
-20.970125	0.000000	0.000000
-20.950125	0.000000	0.000000
-20.930125	0.000000	0.000000
-20.910125	0.000000	0.000000
-20.890125	0.000000	0.000000
-20.870125	0.000000	0.000000
-20.850125	0.000000	0.000000
-20.830125	0.000000	0.000000
-20.810025	0.000000	0.000000
-20.790025	0.000000	0.000000
-20.770025	0.000000	0.000000
-20.750025	0.000000	0.000000
-20.730025	0.000000	0.000000
-20.710025	0.000000	0.000000
-20.690025	0.000000	0.000000
-20.670025	0.000000	0.000000
-20.650025	0.000000	0.000000
-20.630025	0.000000	0.000000
-20.609925	0.000000	0.000000
-20.589925	0.000000	0.000000
-20.569925	0.000000	0.000000
-20.549925	0.000000	0.000000
-20.529925	0.000000	0.000000
-20.509925	0.000000	0.000000
-20.489925	0.000000	0.000000
-20.469925	0.000000	0.000000
-20.449925	0.000000	0.000000
-20.429925	0.000000	0.000000
-20.409825	0.000000	0.000000
-20.389825	0.000000	0.000000
-20.369825	0.000000	0.000000
-20.349825	0.000000	0.000000
-20.329825	0.000000	0.000000
-20.309825	0.000000	0.000000
-20.289825	0.000000	0.000000
-20.269825	0.000000	0.000000
-20.249825	0.000000	0.000000
-20.229825	0.000000	0.000000
-20.209725	0.000000	0.000000
-20.189725	0.000000	0.000000
-20.169725	0.000000	0.000000
-20.149725	0.000000	0.000000
-20.129725	0.000000	0.000000
-20.109725	0.000000	0.000000
-20.089725	0.000000	0.000000
-20.069725	0.000000	0.000000
-20.049725	0.000000	0.000000
-20.029725	0.000000	0.000000
-20.009625	0.000000	0.000000
-19.989625	0.000000	0.000000
-19.969625	0.000000	0.000000
-19.949625	0.000000	0.000000
-19.929625	0.000000	0.000000
-19.909625	0.000000	0.000000
-19.889625	0.000000	0.000000
-19.869625	0.000000	0.000000
-19.849625	0.000000	0.000000
-19.829625	0.000000	0.000000
-19.809525	0.000000	0.000000
-19.789525	0.000000	0.000000
-19.769525	0.000000	0.000000
-19.749525	0.000000	0.000000
-19.729525	0.000000	0.000000
-19.709525	0.000000	0.000000
-19.689525	0.000000	0.000000
-19.669525	0.000000	0.000000
-19.649525	0.000000	0.000000
-19.629525	0.000000	0.000000
-19.609425	0.000000	0.000000
-19.589425	0.000000	0.000000
-19.569425	0.000000	0.000000
-19.549425	0.000000	0.000000
-19.529425	0.000000	0.000000
-19.509425	0.000000	0.000000
-19.489425	0.000000	0.000000
-19.469425	0.000000	0.000000
-19.449425	0.000000	0.000000
-19.429425	0.000000	0.000000
-19.409325	0.000000	0.000000
-19.389325	0.000000	0.000000
-19.369325	0.000000	0.000000
-19.349325	0.000000	0.000000
-19.329325	0.000000	0.000000
-19.309325	0.000000	0.000000
-19.289325	0.000000	0.000000
-19.269325	0.000000	0.000000
-19.249325	0.000000	0.000000
-19.229325	0.000000	0.000000
-19.209225	0.000000	0.000000
-19.189225	0.000000	0.000000
-19.169225	0.000000	0.000000
-19.149225	0.000000	0.000000
-19.129225	0.000000	0.000000
-19.109225	0.000000	0.000000
-19.089225	0.000000	0.000000
-19.069225	0.000000	0.000000
-19.049225	0.000000	0.000000
-19.029225	0.000000	0.000000
-19.009125	0.000000	0.000000
-18.989125	0.000000	0.000000
-18.969125	0.000000	0.000000
-18.949125	0.000000	0.000000
-18.929125	0.000000	0.000000
-18.909125	0.000000	0.000000
-18.889125	0.000000	0.000000
-18.869125	0.000000	0.000000
-18.849125	0.000000	0.000000
-18.829125	0.000000	0.000000
-18.809025	0.000000	0.000000
-18.789025	0.000000	0.000000
-18.769025	0.000000	0.000000
-18.749025	0.000000	0.000000
-18.729025	0.000000	0.000000
-18.709025	0.000000	0.000000
-18.689025	0.000000	0.000000
-18.669025	0.000000	0.000000
-18.649025	0.000000	0.000000
-18.629025	0.000000	0.000000
-18.608925	0.000000	0.000000
-18.588925	0.000000	0.000000
-18.568925	0.000000	0.000000
-18.548925	0.000000	0.000000
-18.528925	0.000000	0.000000
-18.508925	0.000000	0.000000
-18.488925	0.000000	0.000000
-18.468925	0.000000	0.000000
-18.448925	0.000000	0.000000
-18.428925	0.000000	0.000000
-18.408825	0.000000	0.000000
-18.388825	0.000000	0.000000
-18.368825	0.000000	0.000000
-18.348825	0.000000	0.000000
-18.328825	0.000000	0.000000
-18.308825	0.000000	0.000000
-18.288825	0.000000	0.000000
-18.268825	0.000000	0.000000
-18.248825	0.000000	0.000000
-18.228825	0.000000	0.000000
-18.208725	0.000000	0.000000
-18.188725	0.000000	0.000000
-18.168725	0.000000	0.000000
-18.148725	0.000000	0.000000
-18.128725	0.000000	0.000000
-18.108725	0.000000	0.000000
-18.088725	0.000000	0.000000
-18.068725	0.000000	0.000000
-18.048725	0.000000	0.000000
-18.028725	0.000000	0.000000
-18.008625	0.000000	0.000000
-17.988625	0.000000	0.000000
-17.968625	0.000000	0.000000
-17.948625	0.000000	0.000000
-17.928625	0.000000	0.000000
-17.908625	0.000000	0.000000
-17.888625	0.000000	0.000000
-17.868625	0.000000	0.000000
-17.848625	0.000000	0.000000
-17.828625	0.000000	0.000000
-17.808525	0.000000	0.000000
-17.788525	0.000000	0.000000
-17.768525	0.000000	0.000000
-17.748525	0.000000	0.000000
-17.728525	0.000000	0.000000
-17.708525	0.000000	0.000000
-17.688525	0.000000	0.000000
-17.668525	0.000000	0.000000
-17.648525	0.000000	0.000000
-17.628525	0.000000	0.000000
-17.608425	0.000000	0.000000
-17.588425	0.000000	0.000000
-17.568425	0.000000	0.000000
-17.548425	0.000000	0.000000
-17.528425	0.000000	0.000000
-17.508425	0.000000	0.000000
-17.488425	0.000000	0.000000
-17.468425	0.000000	0.000000
-17.448425	0.000000	0.000000
-17.428425	0.000000	0.000000
-17.408325	0.000000	0.000000
-17.388325	0.000000	0.000000
-17.368325	0.000000	0.000000
-17.348325	0.000000	0.000000
-17.328325	0.000000	0.000000
-17.308325	0.000000	0.000000
-17.288325	0.000000	0.000000
-17.268325	0.000000	0.000000
-17.248325	0.000000	0.000000
-17.228325	0.000000	0.000000
-17.208225	0.000000	0.000000
-17.188225	0.000000	0.000000
-17.168225	0.000000	0.000000
-17.148225	0.000000	0.000000
-17.128225	0.000000	0.000000
-17.108225	0.000000	0.000000
-17.088225	0.000000	0.000000
-17.068225	0.000000	0.000000
-17.048225	0.000000	0.000000
-17.028225	0.000000	0.000000
-17.008125	0.000000	0.000000
-16.988125	0.000000	0.000000
-16.968125	0.000000	0.000000
-16.948125	0.000000	0.000000
-16.928125	0.000000	0.000000
-16.908125	0.000000	0.000000
-16.888125	0.000000	0.000000
-16.868125	0.000000	0.000000
-16.848125	0.000000	0.000000
-16.828125	0.000000	0.000000
-16.808025	0.000000	0.000000
-16.788025	0.000000	0.000000
-16.768025	0.000000	0.000000
-16.748025	0.000000	0.000000
-16.728025	0.000000	0.000000
-16.708025	0.000000	0.000000
-16.688025	0.000000	0.000000
-16.668025	0.000000	0.000000
-16.648025	0.000000	0.000000
-16.628025	0.000000	0.000000
-16.607925	0.000000	0.000000
-16.587925	0.000000	0.000000
-16.567925	0.000000	0.000000
-16.547925	0.000000	0.000000
-16.527925	0.000000	0.000000
-16.507925	0.000000	0.000000
-16.487925	0.000000	0.000000
-16.467925	0.000000	0.000000
-16.447925	0.000000	0.000000
-16.427925	0.000000	0.000000
-16.407825	0.000000	0.000000
-16.387825	0.000000	0.000000
-16.367825	0.000000	0.000000
-16.347825	0.000000	0.000000
-16.327825	0.000000	0.000000
-16.307825	0.000000	0.000000
-16.287825	0.000000	0.000000
-16.267825	0.000000	0.000000
-16.247825	0.000000	0.000000
-16.227825	0.000000	0.000000
-16.207725	0.000000	0.000000
-16.187725	0.000000	0.000000
-16.167725	0.000000	0.000000
-16.147725	0.000000	0.000000
-16.127725	0.000000	0.000000
-16.107725	0.000000	0.000000
-16.087725	0.000000	0.000000
-16.067725	0.000000	0.000000
-16.047725	0.000000	0.000000
-16.027725	0.000000	0.000000
-16.007625	0.000000	0.000000
-15.987625	0.000000	0.000000
-15.967625	0.000000	0.000000
-15.947625	0.000000	0.000000
-15.927625	0.000000	0.000000
-15.907625	0.000000	0.000000
-15.887625	0.000000	0.000000
-15.867625	0.000000	0.000000
-15.847625	0.000000	0.000000
-15.827625	0.000000	0.000000
-15.807525	0.000000	0.000000
-15.787525	0.000000	0.000000
-15.767525	0.000000	0.000000
-15.747525	0.000000	0.000000
-15.727525	0.000000	0.000000
-15.707525	0.000000	0.000000
-15.687525	0.000000	0.000000
-15.667525	0.000000	0.000000
-15.647525	0.000000	0.000000
-15.627525	0.000000	0.000000
-15.607425	0.000000	0.000000
-15.587425	0.000000	0.000000
-15.567425	0.000000	0.000000
-15.547425	0.000000	0.000000
-15.527425	0.000000	0.000000
-15.507425	0.000000	0.000000
-15.487425	0.000000	0.000000
-15.467425	0.000000	0.000000
-15.447425	0.000000	0.000000
-15.427425	0.000000	0.000000
-15.407325	0.000000	0.000000
-15.387325	0.000000	0.000000
-15.367325	0.000000	0.000000
-15.347325	0.000000	0.000000
-15.327325	0.000000	0.000000
-15.307325	0.000000	0.000000
-15.287325	0.000000	0.000000
-15.267325	0.000000	0.000000
-15.247325	0.000000	0.000000
-15.227325	0.000000	0.000000
-15.207225	0.000000	0.000000
-15.187225	0.000000	0.000000
-15.167225	0.000000	0.000000
-15.147225	0.000000	0.000000
-15.127225	0.000000	0.000000
-15.107225	0.000000	0.000000
-15.087225	0.000000	0.000000
-15.067225	0.000000	0.000000
-15.047225	0.000000	0.000000
-15.027225	0.000000	0.000000
-15.007125	0.000000	0.000000
-14.987125	0.000000	0.000000
-14.967125	0.000000	0.000000
-14.947125	0.000000	0.000000
-14.927125	0.000000	0.000000
-14.907125	0.000000	0.000000
-14.887125	0.000000	0.000000
-14.867125	0.000000	0.000000
-14.847125	0.000000	0.000000
-14.827125	0.000000	0.000000
-14.807025	0.000000	0.000000
-14.787025	0.000000	0.000000
-14.767025	0.000000	0.000000
-14.747025	0.000000	0.000000
-14.727025	0.000000	0.000000
-14.707025	0.000000	0.000000
-14.687025	0.000000	0.000000
-14.667025	0.000000	0.000000
-14.647025	0.000000	0.000000
-14.627025	0.000000	0.000000
-14.606925	0.000000	0.000000
-14.586925	0.000000	0.000000
-14.566925	0.000000	0.000000
-14.546925	0.000000	0.000000
-14.526925	0.000000	0.000000
-14.506925	0.000000	0.000000
-14.486925	0.000000	0.000000
-14.466925	0.000000	0.000000
-14.446925	0.000000	0.000000
-14.426925	0.000000	0.000000
-14.406825	0.000000	0.000000
-14.386825	0.000000	0.000000
-14.366825	0.000000	0.000000
-14.346825	0.000000	0.000000
-14.326825	0.000000	0.000000
-14.306825	0.000000	0.000000
-14.286825	0.000000	0.000000
-14.266825	0.000000	0.000000
-14.246825	0.000000	0.000000
-14.226825	0.000000	0.000000
-14.206725	0.000000	0.000000
-14.186725	0.000000	0.000000
-14.166725	0.000000	0.000000
-14.146725	0.000000	0.000000
-14.126725	0.000000	0.000000
-14.106725	0.000000	0.000000
-14.086725	0.000000	0.000000
-14.066725	0.000000	0.000000
-14.046725	0.000000	0.000000
-14.026725	0.000000	0.000000
-14.006625	0.000000	0.000000
-13.986625	0.000000	0.000000
-13.966625	0.000000	0.000000
-13.946625	0.000000	0.000000
-13.926625	0.000000	0.000000
-13.906625	0.000000	0.000000
-13.886625	0.000000	0.000000
-13.866625	0.000000	0.000000
-13.846625	0.000000	0.000000
-13.826625	0.000000	0.000000
-13.806525	0.000000	0.000000
-13.786525	0.000000	0.000000
-13.766525	0.000000	0.000000
-13.746525	0.000000	0.000000
-13.726525	0.000000	0.000000
-13.706525	0.000000	0.000000
-13.686525	0.000000	0.000000
-13.666525	0.000000	0.000000
-13.646525	0.000000	0.000000
-13.626525	0.000000	0.000000
-13.606425	0.000000	0.000000
-13.586425	0.000000	0.000000
-13.566425	0.000000	0.000000
-13.546425	0.000000	0.000000
-13.526425	0.000000	0.000000
-13.506425	0.000000	0.000000
-13.486425	0.000000	0.000000
-13.466425	0.000000	0.000000
-13.446425	0.000000	0.000000
-13.426425	0.000000	0.000000
-13.406325	0.000000	0.000000
-13.386325	0.000000	0.000000
-13.366325	0.000000	0.000000
-13.346325	0.000000	0.000000
-13.326325	0.000000	0.000000
-13.306325	0.000000	0.000000
-13.286325	0.000000	0.000000
-13.266325	0.000000	0.000000
-13.246325	0.000000	0.000000
-13.226325	0.000000	0.000000
-13.206225	0.000000	0.000000
-13.186225	0.000000	0.000000
-13.166225	0.000000	0.000000
-13.146225	0.000000	0.000000
-13.126225	0.000000	0.000000
-13.106225	0.000000	0.000000
-13.086225	0.000000	0.000000
-13.066225	0.000000	0.000000
-13.046225	0.000000	0.000000
-13.026225	0.000000	0.000000
-13.006125	0.000000	0.000000
-12.986125	0.000000	0.000000
-12.966125	0.000000	0.000000
-12.946125	0.000000	0.000000
-12.926125	0.000000	0.000000
-12.906125	0.000000	0.000000
-12.886125	0.000000	0.000000
-12.866125	0.000000	0.000000
-12.846125	0.000000	0.000000
-12.826125	0.000000	0.000000
-12.806025	0.000000	0.000000
-12.786025	0.000000	0.000000
-12.766025	0.000000	0.000000
-12.746025	0.000000	0.000000
-12.726025	0.000000	0.000000
-12.706025	0.000000	0.000000
-12.686025	0.000000	0.000000
-12.666025	0.000000	0.000000
-12.646025	0.000000	0.000000
-12.626025	0.000000	0.000000
-12.605925	0.000000	0.000000
-12.585925	0.000000	0.000000
-12.565925	0.000000	0.000000
-12.545925	0.000000	0.000000
-12.525925	0.000000	0.000000
-12.505925	0.000000	0.000000
-12.485925	0.000000	0.000000
-12.465925	0.000000	0.000000
-12.445925	0.000000	0.000000
-12.425925	0.000000	0.000000
-12.405825	0.000000	0.000000
-12.385825	0.000000	0.000000
-12.365825	0.000000	0.000000
-12.345825	0.000000	0.000000
-12.325825	0.000000	0.000000
-12.305825	0.000000	0.000000
-12.285825	0.000000	0.000000
-12.265825	0.000000	0.000000
-12.245825	0.000000	0.000000
-12.225825	0.000000	0.000000
-12.205725	0.000000	0.000000
-12.185725	0.000000	0.000000
-12.165725	0.000000	0.000000
-12.145725	0.000000	0.000000
-12.125725	0.000000	0.000000
-12.105725	0.000000	0.000000
-12.085725	0.000000	0.000000
-12.065725	0.000000	0.000000
-12.045725	0.000000	0.000000
-12.025725	0.000000	0.000000
-12.005625	0.000000	0.000000
-11.985625	0.000000	0.000000
-11.965625	0.000000	0.000000
-11.945625	0.000000	0.000000
-11.925625	0.000000	0.000000
-11.905625	0.000000	0.000000
-11.885625	0.000000	0.000000
-11.865625	0.000000	0.000000
-11.845625	0.000000	0.000000
-11.825625	0.000000	0.000000
-11.805525	0.000000	0.000000
-11.785525	0.000000	0.000000
-11.765525	0.000000	0.000000
-11.745525	0.000000	0.000000
-11.725525	0.000000	0.000000
-11.705525	0.000005	0.000015
-11.685525	0.000023	0.000075
-11.665525	0.000082	0.000262
-11.645525	0.000175	0.000557
-11.625525	0.000354	0.001131
-11.605425	0.000692	0.002208
-11.585425	0.001301	0.004145
-11.565425	0.002350	0.007484
-11.545425	0.004084	0.012995
-11.525425	0.006825	0.021700
-11.505425	0.010968	0.034849
-11.485425	0.016950	0.053823
-11.465425	0.025192	0.079940
-11.445425	0.036006	0.114181
-11.425425	0.049486	0.156831
-11.405325	0.065404	0.207149
-11.385325	0.083121	0.263106
-11.365325	0.101580	0.321346
-11.345325	0.119366	0.377397
-11.325325	0.134873	0.426187
-11.305325	0.146531	0.462775
-11.285325	0.153069	0.483169
-11.265325	0.153741	0.485044
-11.245325	0.148467	0.468172
-11.225325	0.137847	0.434476
-11.205225	0.123051	0.387663
-11.185225	0.105606	0.332553
-11.165225	0.087136	0.274272
-11.145225	0.069120	0.217473
-11.125225	0.052711	0.165778
-11.105225	0.038644	0.121489
-11.085225	0.027236	0.085592
-11.065225	0.018453	0.057970
-11.045225	0.012019	0.037744
-11.025225	0.007525	0.023624
-11.005125	0.004529	0.014214
-10.985125	0.002620	0.008221
-10.965125	0.001457	0.004571
-10.945125	0.000779	0.002443
-10.925125	0.000400	0.001255
-10.905125	0.000198	0.000620
-10.885125	0.000092	0.000287
-10.865125	0.000036	0.000113
-10.845125	0.000002	0.000005
-10.825125	0.000000	0.000000
-10.805025	0.000000	0.000000
-10.785025	0.000000	0.000000
-10.765025	0.000000	0.000000
-10.745025	0.000000	0.000000
-10.725025	0.000000	0.000000
-10.705025	0.000000	0.000000
-10.685025	0.000000	0.000000
-10.665025	0.000000	0.000000
-10.645025	0.000000	0.000000
-10.625025	0.000000	0.000000
-10.604925	0.000000	0.000000
-10.584925	0.000000	0.000000
-10.564925	0.000000	0.000000
-10.544925	0.000000	0.000000
-10.524925	0.000000	0.000000
-10.504925	0.000000	0.000000
-10.484925	0.000000	0.000000
-10.464925	0.000000	0.000000
-10.444925	0.000000	0.000000
-10.424925	0.000000	0.000000
-10.404825	0.000000	0.000000
-10.384825	0.000000	0.000000
-10.364825	0.000000	0.000000
-10.344825	0.000000	0.000000
-10.324825	0.000000	0.000000
-10.304825	0.000000	0.000000
-10.284825	0.000000	0.000000
-10.264825	0.000000	0.000000
-10.244825	0.000000	0.000000
-10.224825	0.000000	0.000000
-10.204725	0.000000	0.000000
-10.184725	0.000000	0.000000
-10.164725	0.000000	0.000000
-10.144725	0.000000	0.000000
-10.124725	0.000000	0.000000
-10.104725	0.000000	0.000000
-10.084725	0.000000	0.000000
-10.064725	0.000000	0.000000
-10.044725	0.000000	0.000000
-10.024725	0.000000	0.000000
-10.004625	0.000000	0.000000
-9.984625	0.000000	0.000000
-9.964625	0.000000	0.000000
-9.944625	0.000000	0.000000
-9.924625	0.000000	0.000000
-9.904625	0.000000	0.000000
-9.884625	0.000000	0.000000
-9.864625	0.000000	0.000000
-9.844625	0.000000	0.000000
-9.824625	0.000000	0.000000
-9.804525	0.000000	0.000000
-9.784525	0.000000	0.000000
-9.764525	0.000000	0.000000
-9.744525	0.000000	0.000000
-9.724525	0.000000	0.000000
-9.704525	0.000000	0.000001
-9.684525	0.000001	0.000002
-9.664525	0.000001	0.000004
-9.644525	0.000002	0.000007
-9.624525	0.000004	0.000012
-9.604425	0.000007	0.000020
-9.584425	0.000012	0.000033
-9.564425	0.000019	0.000053
-9.544425	0.000029	0.000082
-9.524425	0.000044	0.000125
-9.504425	0.000065	0.000186
-9.484425	0.000093	0.000270
-9.464425	0.000129	0.000386
-9.444425	0.000175	0.000542
-9.424425	0.000232	0.000754
-9.404325	0.000304	0.001087
-9.384325	0.000392	0.001579
-9.364325	0.000502	0.002347
-9.344325	0.000639	0.003522
-9.324325	0.000816	0.005376
-9.304325	0.001055	0.008334
-9.284325	0.001384	0.012955
-9.264325	0.001849	0.020083
-9.244325	0.002511	0.030837
-9.224325	0.003447	0.046618
-9.204225	0.004751	0.069070
-9.184225	0.006523	0.099944
-9.164225	0.008858	0.140873
-9.144225	0.011830	0.193059
-9.124225	0.015467	0.256894
-9.104225	0.019733	0.331592
-9.084225	0.024510	0.414919
-9.064225	0.029595	0.503115
-9.044225	0.034705	0.591081
-9.024225	0.039510	0.672852
-9.004125	0.043664	0.742314
-8.984125	0.046857	0.794040
-8.964125	0.048861	0.824084
-8.944125	0.049558	0.830580
-8.924125	0.048963	0.813994
-8.904125	0.047211	0.776997
-8.884125	0.044539	0.723989
-8.864125	0.041243	0.660388
-8.844125	0.037634	0.591831
-8.824125	0.034000	0.523461
-8.804025	0.030574	0.459398
-8.784025	0.027521	0.402473
-8.764025	0.024930	0.354205
-8.744025	0.022828	0.314978
-8.724025	0.021196	0.284336
-8.704025	0.019981	0.261308
-8.684025	0.019118	0.244710
-8.664025	0.018542	0.233359
-8.644025	0.018194	0.226218
-8.624025	0.018026	0.222466
-8.603925	0.018002	0.221467
-8.583925	0.018093	0.222753
-8.563925	0.018281	0.226030
-8.543925	0.018554	0.231054
-8.523925	0.018921	0.238148
-8.503925	0.019378	0.247110
-8.483925	0.019929	0.258110
-8.463925	0.020615	0.271970
-8.443925	0.021490	0.289846
-8.423925	0.022644	0.313686
-8.403825	0.024204	0.346408
-8.383825	0.026349	0.392086
-8.363825	0.029302	0.456011
-8.343825	0.033325	0.544486
-8.323825	0.038692	0.664255
-8.303825	0.045648	0.821470
-8.283825	0.054347	1.020221
-8.263825	0.064785	1.260801
-8.243825	0.076733	1.538044
-8.223825	0.089692	1.840215
-8.203725	0.102893	2.148943
-8.183725	0.115350	2.440549
-8.163725	0.125971	2.688803
-8.143725	0.133719	2.868740
-8.123725	0.137775	2.960798
-8.103725	0.137690	2.954323
-8.083725	0.133466	2.849586
-8.063725	0.125560	2.657773
-8.043725	0.114804	2.398942
-8.023725	0.102256	2.098486
-8.003625	0.089029	1.782945
-7.983625	0.076128	1.476147
-7.963625	0.064331	1.196421
-7.943625	0.054133	0.955273
-7.923625	0.045742	0.757483
-7.903625	0.039135	0.602272
-7.883625	0.034122	0.485043
-7.863625	0.030426	0.399175
-7.843625	0.027748	0.337549
-7.823625	0.025809	0.293594
-7.803525	0.024378	0.261851
-7.783525	0.023280	0.238168
-7.763525	0.022391	0.219584
-7.743525	0.021634	0.204132
-7.723525	0.020961	0.190575
-7.703525	0.020343	0.177973
-7.683525	0.019787	0.166306
-7.663525	0.019300	0.155320
-7.643525	0.018883	0.144705
-7.623525	0.018551	0.134461
-7.603425	0.018323	0.124574
-7.583425	0.018220	0.115068
-7.563425	0.018264	0.105975
-7.543425	0.018488	0.097341
-7.523425	0.018926	0.089226
-7.503425	0.019628	0.081699
-7.483425	0.020646	0.074834
-7.463425	0.022040	0.068696
-7.443425	0.023866	0.063336
-7.423425	0.026169	0.058775
-7.403325	0.028973	0.055007
-7.383325	0.032272	0.051991
-7.363325	0.036029	0.049660
-7.343325	0.040165	0.047927
-7.323325	0.044568	0.046691
-7.303325	0.049096	0.045845
-7.283325	0.053585	0.045281
-7.263325	0.057858	0.044891
-7.243325	0.061738	0.044571
-7.223325	0.065060	0.044222
-7.203225	0.067684	0.043753
-7.183225	0.069511	0.043089
-7.163225	0.070491	0.042173
-7.143225	0.070629	0.040975
-7.123225	0.069988	0.039489
-7.103225	0.068681	0.037733
-7.083225	0.066860	0.035748
-7.063225	0.064704	0.033584
-7.043225	0.062391	0.031299
-7.023225	0.060097	0.028947
-7.003125	0.057993	0.026580
-6.983125	0.056203	0.024235
-6.963125	0.054846	0.021945
-6.943125	0.054040	0.019736
-6.923125	0.053919	0.017628
-6.903125	0.054655	0.015647
-6.883125	0.056484	0.013819
-6.863125	0.059726	0.012179
-6.843125	0.064798	0.010771
-6.823125	0.072199	0.009649
-6.803025	0.082469	0.008869
-6.783025	0.096125	0.008492
-6.763025	0.113562	0.008566
-6.743025	0.134936	0.009124
-6.723025	0.160054	0.010168
-6.703025	0.188298	0.011660
-6.683025	0.218605	0.013522
-6.663025	0.249523	0.015633
-6.643025	0.279359	0.017841
-6.623025	0.306385	0.019980
-6.602925	0.329073	0.021887
-6.582925	0.346329	0.023425
-6.562925	0.357649	0.024499
-6.542925	0.363190	0.025066
-6.522925	0.363737	0.025136
-6.502925	0.360577	0.024764
-6.482925	0.355325	0.024042
-6.462925	0.349690	0.023078
-6.442925	0.345304	0.021982
-6.422925	0.343573	0.020858
-6.402825	0.345562	0.019789
-6.382825	0.351969	0.018838
-6.362825	0.363124	0.018047
-6.342825	0.379028	0.017436
-6.322825	0.399430	0.017007
-6.302825	0.423893	0.016750
-6.282825	0.451863	0.016645
-6.262825	0.482718	0.016666
-6.242825	0.515795	0.016784
-6.222825	0.550375	0.016967
-6.202725	0.585649	0.017183
-6.182725	0.620673	0.017399
-6.162725	0.654372	0.017588
-6.142725	0.685522	0.017718
-6.122725	0.712849	0.017767
-6.102725	0.735160	0.017716
-6.082725	0.751534	0.017555
-6.062725	0.761495	0.017288
-6.042725	0.765164	0.016927
-6.022725	0.763318	0.016499
-6.002625	0.757387	0.016036
-5.982625	0.749307	0.015579
-5.962625	0.741309	0.015168
-5.942625	0.735658	0.014842
-5.922625	0.734390	0.014630
-5.902625	0.739099	0.014551
-5.882625	0.750802	0.014614
-5.862625	0.769889	0.014818
-5.842625	0.796152	0.015152
-5.822625	0.828895	0.015600
-5.802525	0.867047	0.016144
-5.782525	0.909301	0.016764
-5.762525	0.954221	0.017440
-5.742525	1.000324	0.018154
-5.722525	1.046124	0.018890
-5.702525	1.090192	0.019632
-5.682525	1.131167	0.020364
-5.662525	1.167806	0.021070
-5.642525	1.199035	0.021734
-5.622525	1.223957	0.022337
-5.602425	1.241895	0.022859
-5.582425	1.252416	0.023281
-5.562425	1.255313	0.023582
-5.542425	1.250610	0.023741
-5.522425	1.238555	0.023744
-5.502425	1.219602	0.023579
-5.482425	1.194424	0.023243
-5.462425	1.163913	0.022741
-5.442425	1.129159	0.022086
-5.422425	1.091434	0.021298
-5.402325	1.052146	0.020402
-5.382325	1.012777	0.019427
-5.362325	0.974772	0.018405
-5.342325	0.939477	0.017367
-5.322325	0.908008	0.016341
-5.302325	0.881191	0.015355
-5.282325	0.859497	0.014430
-5.262325	0.843014	0.013586
-5.242325	0.831464	0.012833
-5.222325	0.824300	0.012176
-5.202225	0.820626	0.011614
-5.182225	0.819484	0.011137
-5.162225	0.819904	0.010732
-5.142225	0.821011	0.010380
-5.122225	0.822122	0.010063
-5.102225	0.822878	0.009761
-5.082225	0.823293	0.009458
-5.062225	0.823801	0.009144
-5.042225	0.825248	0.008810
-5.022225	0.828832	0.008458
-5.002125	0.835819	0.008089
-4.982125	0.847418	0.007711
-4.962125	0.864336	0.007334
-4.942125	0.886591	0.006966
-4.922125	0.913274	0.006613
-4.902125	0.942596	0.006277
-4.882125	0.972075	0.005959
-4.862125	0.999064	0.005657
-4.842125	1.021257	0.005369
-4.822125	1.037248	0.005098
-4.802025	1.046844	0.004850
-4.782025	1.051087	0.004636
-4.762025	1.051919	0.004473
-4.742025	1.051640	0.004377
-4.722025	1.052232	0.004363
-4.702025	1.054846	0.004438
-4.682025	1.059452	0.004604
-4.662025	1.065034	0.004851
-4.642025	1.069927	0.005163
-4.622025	1.072441	0.005521
-4.601925	1.071442	0.005903
-4.581925	1.066776	0.006292
-4.561925	1.059384	0.006674
-4.541925	1.051130	0.007042
-4.521925	1.044324	0.007394
-4.501925	1.041191	0.007730
-4.481925	1.043317	0.008053
-4.461925	1.051315	0.008363
-4.441925	1.064682	0.008660
-4.421925	1.081921	0.008942
-4.401825	1.100833	0.009205
-4.381825	1.119027	0.009446
-4.361825	1.134184	0.009660
-4.341825	1.144484	0.009846
-4.321825	1.148950	0.010005
-4.301825	1.147499	0.010141
-4.281825	1.140908	0.010264
-4.261825	1.130918	0.010393
-4.241825	1.119554	0.010549
-4.221825	1.109449	0.010760
-4.201725	1.103288	0.011059
-4.181725	1.103691	0.011480
-4.161725	1.112898	0.012054
-4.141725	1.132672	0.012806
-4.121725	1.164142	0.013754
-4.101725	1.207727	0.014902
-4.081725	1.263117	0.016243
-4.061725	1.329313	0.017759
-4.041725	1.404650	0.019416
-4.021725	1.486872	0.021171
-4.001625	1.573188	0.022970
-3.981625	1.660367	0.024748
-3.961625	1.744788	0.026430
-3.941625	1.822631	0.027935
-3.921625	1.890092	0.029180
-3.901625	1.943749	0.030089
-3.881625	1.980965	0.030600
-3.861625	2.000326	0.030677
-3.841625	2.001818	0.030317
-3.821625	1.986998	0.029550
-3.801525	1.958770	0.028444
-3.781525	1.921017	0.027092
-3.761525	1.878020	0.025600
-3.741525	1.833933	0.024078
-3.721525	1.792300	0.022625
-3.701525	1.755796	0.021320
-3.681525	1.726098	0.020218
-3.661525	1.703962	0.019346
-3.641525	1.689442	0.018708
-3.621525	1.682063	0.018286
-3.601425	1.681048	0.018049
-3.581425	1.685414	0.017958
-3.561425	1.694059	0.017967
-3.541425	1.705850	0.018032
-3.521425	1.719727	0.018115
-3.501425	1.734632	0.018187
-3.481425	1.749667	0.018225
-3.461425	1.764117	0.018220
-3.441425	1.777372	0.018173
-3.421425	1.789208	0.018098
-3.401325	1.799195	0.018009
-3.381325	1.807003	0.017927
-3.361325	1.812255	0.017871
-3.341325	1.814355	0.017855
-3.321325	1.812772	0.017882
-3.301325	1.806976	0.017951
-3.281325	1.796740	0.018050
-3.261325	1.782342	0.018164
-3.241325	1.764744	0.018278
-3.221325	1.745733	0.018383
-3.201225	1.727894	0.018480
-3.181225	1.714391	0.018581
-3.161225	1.708580	0.018711
-3.141225	1.713443	0.018899
-3.121225	1.730986	0.019175
-3.101225	1.761692	0.019560
-3.081225	1.804031	0.020061
-3.061225	1.854489	0.020662
-3.041225	1.907804	0.021327
-3.021225	1.957587	0.022000
-3.001125	1.997220	0.022612
-2.981125	2.020832	0.023096
-2.961125	2.024177	0.023390
-2.941125	2.005281	0.023455
-2.921125	1.964622	0.023277
-2.901125	1.904979	0.022871
-2.881125	1.830839	0.022279
-2.861125	1.747674	0.021558
-2.841125	1.661060	0.020779
-2.821125	1.575917	0.020013
-2.801025	1.495952	0.019322
-2.781025	1.423478	0.018759
-2.761025	1.359425	0.018359
-2.741025	1.303660	0.018149
-2.721025	1.255241	0.018137
-2.701025	1.212928	0.018324
-2.681025	1.175581	0.018697
-2.661025	1.142305	0.019227
-2.641025	1.112492	0.019871
-2.621025	1.085782	0.020566
-2.600925	1.062074	0.021232
-2.580925	1.041360	0.021783
-2.560925	1.023779	0.022135
-2.540925	1.009631	0.022219
-2.520925	0.999614	0.022000
-2.500925	0.994716	0.021485
-2.480925	0.996415	0.020727
-2.460925	1.006461	0.019820
-2.440925	1.026610	0.018886
-2.420925	1.058237	0.018055
-2.400825	1.101897	0.017438
-2.380825	1.156989	0.017112
-2.360825	1.221533	0.017102
-2.340825	1.292169	0.017380
-2.320825	1.364581	0.017869
-2.300825	1.433864	0.018458
-2.280825	1.495219	0.019022
-2.260825	1.544704	0.019443
-2.240825	1.579615	0.019629
-2.220825	1.598939	0.019526
-2.200725	1.603392	0.019124
-2.180725	1.595209	0.018452
-2.160725	1.577728	0.017573
-2.140725	1.554827	0.016563
-2.120725	1.530364	0.015508
-2.100725	1.507619	0.014482
-2.080725	1.488908	0.013544
-2.060725	1.475451	0.012735
-2.040725	1.467262	0.012071
-2.020725	1.463371	0.011551
-2.000625	1.462081	0.011162
-1.980625	1.461360	0.010880
-1.960625	1.459179	0.010678
-1.940625	1.453941	0.010533
-1.920625	1.444753	0.010428
-1.900625	1.431628	0.010355
-1.880625	1.415488	0.010321
-1.860625	1.397983	0.010344
-1.840625	1.381241	0.010451
-1.820625	1.367488	0.010677
-1.800525	1.358598	0.011054
-1.780525	1.355690	0.011607
-1.760525	1.359022	0.012346
-1.740525	1.367914	0.013262
-1.720525	1.380923	0.014326
-1.700525	1.396130	0.015489
-1.680525	1.411489	0.016686
-1.660525	1.425094	0.017844
-1.640525	1.435416	0.018888
-1.620525	1.441401	0.019753
-1.600425	1.442495	0.020390
-1.580425	1.438565	0.020767
-1.560425	1.429885	0.020880
-1.540425	1.417093	0.020740
-1.520425	1.401145	0.020383
-1.500425	1.383243	0.019851
-1.480425	1.364813	0.019197
-1.460425	1.347392	0.018469
-1.440425	1.332430	0.017711
-1.420425	1.321203	0.016957
-1.400325	1.314640	0.016228
-1.380325	1.313242	0.015537
-1.360325	1.317052	0.014888
-1.340325	1.325689	0.014278
-1.320325	1.338428	0.013708
-1.300325	1.354290	0.013175
-1.280325	1.372196	0.012684
-1.260325	1.391003	0.012240
-1.240325	1.409569	0.011850
-1.220325	1.426841	0.011523
-1.200225	1.441855	0.011265
-1.180225	1.453799	0.011077
-1.160225	1.462019	0.010958
-1.140225	1.466068	0.010898
-1.120225	1.465781	0.010887
-1.100225	1.461312	0.010910
-1.080225	1.453231	0.010953
-1.060225	1.442440	0.011003
-1.040225	1.430170	0.011052
-1.020225	1.417829	0.011096
-1.000125	1.406783	0.011133
-0.980125	1.398102	0.011166
-0.960125	1.392340	0.011195
-0.940125	1.389351	0.011220
-0.920125	1.388279	0.011238
-0.900125	1.387624	0.011240
-0.880125	1.385483	0.011217
-0.860125	1.379894	0.011155
-0.840125	1.369174	0.011044
-0.820125	1.352223	0.010877
-0.800025	1.328702	0.010650
-0.780025	1.299088	0.010367
-0.760025	1.264575	0.010038
-0.740025	1.226851	0.009674
-0.720025	1.187838	0.009294
-0.700025	1.149455	0.008914
-0.680025	1.113351	0.008550
-0.660025	1.080810	0.008216
-0.640025	1.052604	0.007921
-0.620025	1.029024	0.007670
-0.599925	1.009867	0.007462
-0.579925	0.994497	0.007296
-0.559925	0.981944	0.007161
-0.539925	0.970985	0.007050
-0.519925	0.960268	0.006949
-0.499925	0.948442	0.006847
-0.479925	0.934291	0.006732
-0.459925	0.916849	0.006596
-0.439925	0.895516	0.006432
-0.419925	0.870094	0.006239
-0.399825	0.840811	0.006016
-0.379825	0.808239	0.005768
-0.359825	0.773255	0.005502
-0.339825	0.736937	0.005227
-0.319825	0.700417	0.004952
-0.299825	0.664807	0.004688
-0.279825	0.631104	0.004442
-0.259825	0.600125	0.004221
-0.239825	0.572503	0.004030
-0.219825	0.548646	0.003870
-0.199725	0.528777	0.003742
-0.179725	0.512945	0.003643
-0.159725	0.501057	0.003571
-0.139725	0.492891	0.003521
-0.119725	0.488110	0.003490
-0.099725	0.486269	0.003473
-0.079725	0.486825	0.003468
-0.059725	0.489154	0.003471
-0.039725	0.492583	0.003479
-0.019725	0.496455	0.003492
0.000375	0.500142	0.003507
0.020375	0.503124	0.003524
0.040375	0.505014	0.003542
0.060375	0.505568	0.003561
0.080375	0.504685	0.003580
0.100375	0.502385	0.003600
0.120375	0.498782	0.003620
0.140375	0.494058	0.003642
0.160375	0.488439	0.003665
0.180375	0.482166	0.003690
0.200475	0.475496	0.003718
0.220475	0.468679	0.003750
0.240475	0.461983	0.003787
0.260475	0.455609	0.003831
0.280475	0.449783	0.003884
0.300475	0.444718	0.003951
0.320475	0.440628	0.004036
0.340475	0.437749	0.004145
0.360475	0.436346	0.004288
0.380475	0.436708	0.004471
0.400575	0.439115	0.004702
0.420575	0.443808	0.004987
0.440575	0.450873	0.005327
0.460575	0.460169	0.005713
0.480575	0.471264	0.006129
0.500575	0.483391	0.006551
0.520575	0.495474	0.006943
0.540575	0.506236	0.007266
0.560575	0.514374	0.007482
0.580575	0.518824	0.007559
0.600675	0.518943	0.007480
0.620675	0.514672	0.007243
0.640675	0.506674	0.006869
0.660675	0.496201	0.006400
0.680675	0.484887	0.005899
0.700675	0.474451	0.005440
0.720675	0.466377	0.005106
0.740675	0.461659	0.004989
0.760675	0.460685	0.005179
0.780675	0.463278	0.005764
0.800775	0.468823	0.006825
0.820775	0.476520	0.008424
0.840775	0.485551	0.010591
0.860775	0.495191	0.013314
0.880775	0.504776	0.016516
0.900775	0.513597	0.020055
0.920775	0.520768	0.023725
0.940775	0.525158	0.027269
0.960775	0.525453	0.030418
0.980775	0.520346	0.032925
1.000875	0.508817	0.034606
1.020875	0.490408	0.035372
1.040875	0.465399	0.035238
1.060875	0.434826	0.034318
1.080875	0.400351	0.032800
1.100875	0.363917	0.030905
1.120875	0.327481	0.028850
1.140875	0.292700	0.026820
1.160875	0.260749	0.024945
1.180875	0.232274	0.023298
1.200975	0.207459	0.021904
1.220975	0.186171	0.020757
1.240975	0.168107	0.019836
1.260975	0.152975	0.019118
1.280975	0.140522	0.018594
1.300975	0.130580	0.018262
1.320975	0.123059	0.018134
1.340975	0.117899	0.018228
1.360975	0.115035	0.018566
1.380975	0.114360	0.019167
1.401075	0.115702	0.020046
1.421075	0.118871	0.021216
1.441075	0.123646	0.022683
1.461075	0.129735	0.024443
1.481075	0.136869	0.026483
1.501075	0.144772	0.028782
1.521075	0.153157	0.031306
1.541075	0.161731	0.034008
1.561075	0.170186	0.036825
1.581075	0.178207	0.039686
1.601175	0.185477	0.042510
1.621175	0.191723	0.045213
1.641175	0.196693	0.047715
1.661175	0.200211	0.049942
1.681175	0.202175	0.051834
1.701175	0.202565	0.053345
1.721175	0.201433	0.054448
1.741175	0.198891	0.055134
1.761175	0.195092	0.055409
1.781175	0.190215	0.055302
1.801275	0.184454	0.054857
1.821275	0.178012	0.054136
1.841275	0.171098	0.053213
1.861275	0.163922	0.052175
1.881275	0.156686	0.051109
1.901275	0.149574	0.050098
1.921275	0.142741	0.049212
1.941275	0.136298	0.048504
1.961275	0.130323	0.048006
1.981275	0.124826	0.047727
2.001375	0.119800	0.047663
2.021375	0.115229	0.047798
2.041375	0.111106	0.048114
2.061375	0.107454	0.048593
2.081375	0.104365	0.049231
2.101375	0.102005	0.050036
2.121375	0.100633	0.051034
2.141375	0.100583	0.052262
2.161375	0.102265	0.053771
2.181375	0.106122	0.055617
2.201475	0.112579	0.057848
2.221475	0.121977	0.060494
2.241475	0.134494	0.063551
2.261475	0.150069	0.066968
2.281475	0.168343	0.070637
2.301475	0.188642	0.074393
2.321475	0.209994	0.078020
2.341475	0.231213	0.081273
2.361475	0.251013	0.083902
2.381475	0.268158	0.085684
2.401575	0.281603	0.086454
2.421575	0.290615	0.086127
2.441575	0.294840	0.084706
2.461575	0.294311	0.082279
2.481575	0.289400	0.079000
2.501575	0.280725	0.075066
2.521575	0.269037	0.070686
2.541575	0.255105	0.066055
2.561575	0.239628	0.061335
2.581575	0.223174	0.056643
2.601675	0.206168	0.052053
2.621675	0.188892	0.047599
2.641675	0.171535	0.043290
2.661675	0.154227	0.039120
2.681675	0.137098	0.035088
2.701675	0.120303	0.031202
2.721675	0.104048	0.027496
2.741675	0.088593	0.024034
2.761675	0.074242	0.020916
2.781675	0.061308	0.018277
2.801775	0.050128	0.016297
2.821775	0.040976	0.015182
2.841775	0.034084	0.015166
2.861775	0.029625	0.016505
2.881775	0.027704	0.019455
2.901775	0.028342	0.024255
2.921775	0.031492	0.031109
2.941775	0.037030	0.040153
2.961775	0.044762	0.051447
2.981775	0.054421	0.064954
3.001875	0.065682	0.080536
3.021875	0.078171	0.097969
3.041875	0.091490	0.116961
3.061875	0.105247	0.137179
3.081875	0.119074	0.158284
3.101875	0.132655	0.179949
3.121875	0.145735	0.201875
3.141875	0.158119	0.223781
3.161875	0.169665	0.245392
3.181875	0.180266	0.266416
3.201975	0.189829	0.286520
3.221975	0.198262	0.305325
3.241975	0.205462	0.322416
3.261975	0.211316	0.337369
3.281975	0.215707	0.349794
3.301975	0.218529	0.359383
3.321975	0.219700	0.365947
3.341975	0.219181	0.369442
3.361975	0.216981	0.369974
3.381975	0.213170	0.367777
3.402075	0.207871	0.363185
3.422075	0.201257	0.356583
3.442075	0.193545	0.348380
3.462075	0.184976	0.338965
3.482075	0.175807	0.328696
3.502075	0.166295	0.317893
3.522075	0.156689	0.306851
3.542075	0.147219	0.295850
3.562075	0.138087	0.285167
3.582075	0.129467	0.275098
3.602175	0.121499	0.265961
3.622175	0.114290	0.258088
3.642175	0.107918	0.251819
3.662175	0.102419	0.247469
3.682175	0.097798	0.245298
3.702175	0.094026	0.245484
3.722175	0.091041	0.248095
3.742175	0.088752	0.253073
3.762175	0.087050	0.260253
3.782175	0.085805	0.269334
3.802275	0.084894	0.279972
3.822275	0.084198	0.291786
3.842275	0.083617	0.304404
3.862275	0.083076	0.317496
3.882275	0.082525	0.330795
3.902275	0.081939	0.344101
3.922275	0.081313	0.357273
3.942275	0.080652	0.370198
3.962275	0.079966	0.382765
3.982275	0.079266	0.394832
4.002375	0.078541	0.406174
4.022375	0.077777	0.416485
4.042375	0.076939	0.425374
4.062375	0.075988	0.432394
4.082375	0.074884	0.437118
4.102375	0.073599	0.439212
4.122375	0.072137	0.438550
4.142375	0.070539	0.435321
4.162375	0.068897	0.430090
4.182375	0.067350	0.423833
4.202475	0.066075	0.417906
4.222475	0.065272	0.413968
4.242475	0.065137	0.413875
4.262475	0.065837	0.419463
4.282475	0.067490	0.432514
4.302475	0.070153	0.454633
4.322475	0.073817	0.487122
4.342475	0.078417	0.530924
4.362475	0.083841	0.586547
4.382475	0.089956	0.653978
4.402575	0.096618	0.732574
4.422575	0.103681	0.820935
4.442575	0.111000	0.916770
4.462575	0.118421	1.016811
4.482575	0.125766	1.116798
4.502575	0.132826	1.211588
4.522575	0.139351	1.295433
4.542575	0.145066	1.362432
4.562575	0.149690	1.407141
4.582575	0.152974	1.425252
4.602675	0.154757	1.414337
4.622675	0.154977	1.374162
4.642675	0.153737	1.307127
4.662675	0.151293	1.218008
4.682675	0.148045	1.113480
4.702675	0.144495	1.001305
4.722675	0.141192	0.889387
4.742675	0.138665	0.784865
4.762675	0.137363	0.693381
4.782675	0.137601	0.618652
4.802775	0.139517	0.562337
4.822775	0.143062	0.524192
4.842775	0.147978	0.502365
4.862775	0.153818	0.493804
4.882775	0.159971	0.494672
4.902775	0.165715	0.500736
4.922775	0.170286	0.507762
4.942775	0.172965	0.511860
4.962775	0.173174	0.509848
4.982775	0.170582	0.499572
5.002875	0.165124	0.480076
5.022875	0.157070	0.451730
5.042875	0.146980	0.416124
5.062875	0.135626	0.375706
5.082875	0.123900	0.333537
5.102875	0.112691	0.292661
5.122875	0.102790	0.255826
5.142875	0.094819	0.225200
5.162875	0.089196	0.202222
5.182875	0.086135	0.187621
5.202975	0.085660	0.181538
5.222975	0.087638	0.183679
5.242975	0.091800	0.193449
5.262975	0.097756	0.210031
5.282975	0.105007	0.232385
5.302975	0.112959	0.259206
5.322975	0.120953	0.288866
5.342975	0.128310	0.319397
5.362975	0.134399	0.348548
5.382975	0.138704	0.373942
5.403075	0.140893	0.393318
5.423075	0.140852	0.404798
5.443075	0.138714	0.407254
5.463075	0.134808	0.400346
5.483075	0.129621	0.384711
5.503075	0.123724	0.361836
5.523075	0.117688	0.333833
5.543075	0.112023	0.303115
5.563075	0.107125	0.272058
5.583075	0.103248	0.242698
5.603175	0.100507	0.216536
5.623175	0.098883	0.194449
5.643175	0.098254	0.176715
5.663175	0.098417	0.163117
5.683175	0.099120	0.153082
5.703175	0.100083	0.145832
5.723175	0.101017	0.140510
5.743175	0.101645	0.136279
5.763175	0.101712	0.132395
5.783175	0.101005	0.128252
5.803275	0.099366	0.123403
5.823275	0.096730	0.117617
5.843275	0.093092	0.110812
5.863275	0.088539	0.103077
5.883275	0.083245	0.094687
5.903275	0.077436	0.085952
5.923275	0.071379	0.077255
5.943275	0.065341	0.068937
5.963275	0.059566	0.061296
5.983275	0.054254	0.054542
6.003375	0.049539	0.048785
6.023375	0.045495	0.044044
6.043375	0.042133	0.040263
6.063375	0.039421	0.037338
6.083375	0.037291	0.035135
6.103375	0.035664	0.033518
6.123375	0.034454	0.032357
6.143375	0.033587	0.031543
6.163375	0.032995	0.030988
6.183375	0.032625	0.030621
6.203475	0.032430	0.030392
6.223475	0.032368	0.030261
6.243475	0.032401	0.030200
6.263475	0.032489	0.030184
6.283475	0.032592	0.030196
6.303475	0.032679	0.030222
6.323475	0.032730	0.030258
6.343475	0.032736	0.030302
6.363475	0.032722	0.030365
6.383475	0.032743	0.030462
6.403575	0.032890	0.030617
6.423575	0.033290	0.030859
6.443575	0.034101	0.031220
6.463575	0.035503	0.031734
6.483575	0.037691	0.032442
6.503575	0.040855	0.033383
6.523575	0.045163	0.034602
6.543575	0.050739	0.036141
6.563575	0.057617	0.038028
6.583575	0.065736	0.040272
6.603675	0.074907	0.042853
6.623675	0.084810	0.045708
6.643675	0.095012	0.048734
6.663675	0.105011	0.051794
6.683675	0.114301	0.054738
6.703675	0.122444	0.057422
6.723675	0.129143	0.059742
6.743675	0.134286	0.061647
6.763675	0.137956	0.063150
6.783675	0.140397	0.064325
6.803775	0.141949	0.065281
6.823775	0.142967	0.066130
6.843775	0.143734	0.066961
6.863775	0.144406	0.067806
6.883775	0.144999	0.068641
6.903775	0.145391	0.069377
6.923775	0.145390	0.069895
6.943775	0.144796	0.070069
6.963775	0.143460	0.069798
6.983775	0.141339	0.069033
7.003875	0.138508	0.067788
7.023875	0.135158	0.066139
7.043875	0.131559	0.064214
7.063875	0.128019	0.062174
7.083875	0.124836	0.060188
7.103875	0.122254	0.058409
7.123875	0.120431	0.056956
7.143875	0.119416	0.055900
7.163875	0.119152	0.055256
7.183875	0.119455	0.054979
7.203975	0.120066	0.054976
7.223975	0.120666	0.055114
7.243975	0.120929	0.055247
7.263975	0.120571	0.055235
7.283975	0.119393	0.054962
7.303975	0.117306	0.054356
7.323975	0.114344	0.053387
7.343975	0.110645	0.052066
7.363975	0.106423	0.050434
7.383975	0.101936	0.048551
7.404075	0.097425	0.046474
7.424075	0.093104	0.044257
7.444075	0.089138	0.041946
7.464075	0.085632	0.039583
7.484075	0.082642	0.037209
7.504075	0.080174	0.034866
7.524075	0.078199	0.032601
7.544075	0.076648	0.030457
7.564075	0.075426	0.028472
7.584075	0.074417	0.026673
7.604175	0.073493	0.025066
7.624175	0.072533	0.023645
7.644175	0.071434	0.022386
7.664175	0.070127	0.021261
7.684175	0.068573	0.020234
7.704175	0.066772	0.019273
7.724175	0.064767	0.018357
7.744175	0.062616	0.017468
7.764175	0.060393	0.016599
7.784175	0.058184	0.015754
7.804275	0.056084	0.014945
7.824275	0.054190	0.014188
7.844275	0.052600	0.013510
7.864275	0.051413	0.012938
7.884275	0.050714	0.012499
7.904275	0.050565	0.012216
7.924275	0.050989	0.012105
7.944275	0.051954	0.012165
7.964275	0.053370	0.012381
7.984275	0.055086	0.012721
8.004375	0.056908	0.013140
8.024375	0.058622	0.013585
8.044375	0.060032	0.014009
8.064375	0.060987	0.014370
8.084375	0.061408	0.014647
8.104375	0.061304	0.014843
8.124375	0.060767	0.014980
8.144375	0.059957	0.015100
8.164375	0.059073	0.015256
8.184375	0.058330	0.015508
8.204475	0.057928	0.015911
8.224475	0.058042	0.016516
8.244475	0.058809	0.017363
8.264475	0.060324	0.018482
8.284475	0.062642	0.019892
8.304475	0.065772	0.021597
8.324475	0.069676	0.023587
8.344475	0.074263	0.025831
8.364475	0.079385	0.028277
8.384475	0.084834	0.030849
8.404575	0.090351	0.033446
8.424575	0.095642	0.035952
8.444575	0.100399	0.038243
8.464575	0.104338	0.040199
8.484575	0.107225	0.041723
8.504575	0.108923	0.042751
8.524575	0.109387	0.043261
8.544575	0.108691	0.043277
8.564575	0.107013	0.042868
8.584575	0.104609	0.042135
8.604675	0.101785	0.041199
8.624675	0.098851	0.040181
8.644675	0.096079	0.039185
8.664675	0.093674	0.038289
8.684675	0.091751	0.037531
8.704675	0.090327	0.036916
8.724675	0.089326	0.036414
8.744675	0.088605	0.035976
8.764675	0.087986	0.035545
8.784675	0.087291	0.035071
8.804775	0.086378	0.034524
8.824775	0.085168	0.033898
8.844775	0.083657	0.033215
8.864775	0.081913	0.032520
8.884775	0.080064	0.031874
8.904775	0.078267	0.031336
8.924775	0.076684	0.030966
8.944775	0.075454	0.030806
8.964775	0.074679	0.030884
8.984775	0.074421	0.031214
9.004875	0.074697	0.031797
9.024875	0.075493	0.032630
9.044875	0.076774	0.033706
9.064875	0.078491	0.035022
9.084875	0.080589	0.036573
9.104875	0.083009	0.038357
9.124875	0.085688	0.040366
9.144875	0.088559	0.042585
9.164875	0.091546	0.044984
9.184875	0.094561	0.047513
9.204975	0.097495	0.050097
9.224975	0.100213	0.052632
9.244975	0.102551	0.054985
9.264975	0.104313	0.057001
9.284975	0.105279	0.058512
9.304975	0.105230	0.059355
9.324975	0.103965	0.059393
9.344975	0.101337	0.058532
9.364975	0.097281	0.056736
9.384975	0.091836	0.054041
9.405075	0.085152	0.050550
9.425075	0.077484	0.046426
9.445075	0.069178	0.041880
9.465075	0.060631	0.037145
9.485075	0.052258	0.032460
9.505075	0.044458	0.028045
9.525075	0.037580	0.024094
9.545075	0.031911	0.020762
9.565075	0.027659	0.018163
9.585075	0.024957	0.016372
9.605175	0.023863	0.015428
9.625175	0.024370	0.015340
9.645175	0.026407	0.016090
9.665175	0.029845	0.017635
9.685175	0.034500	0.019908
9.705175	0.040134	0.022815
9.725175	0.046463	0.026238
9.745175	0.053169	0.030033
9.765175	0.059910	0.034031
9.785175	0.066346	0.038049
9.805275	0.072156	0.041896
9.825275	0.077065	0.045383
9.845275	0.080856	0.048345
9.865275	0.083391	0.050648
9.885275	0.084616	0.052204
9.905275	0.084566	0.052985
9.925275	0.083356	0.053017
9.945275	0.081168	0.052382
9.965275	0.078238	0.051204
9.985275	0.074830	0.049641
10.005375	0.071216	0.047861
10.025375	0.067657	0.046029
10.045375	0.064387	0.044296
10.065375	0.061603	0.042789
10.085375	0.059455	0.041602
10.105375	0.058049	0.040802
10.125375	0.057446	0.040421
10.145375	0.057662	0.040464
10.165375	0.058670	0.040908
10.185375	0.060396	0.041704
10.205475	0.062720	0.042774
10.225475	0.065471	0.044017
10.245475	0.068434	0.045309
10.265475	0.071360	0.046512
10.285475	0.073984	0.047487
10.305475	0.076048	0.048103
10.325475	0.077338	0.048259
10.345475	0.077699	0.047889
10.365475	0.077061	0.046974
10.385475	0.075441	0.045542
10.405575	0.072944	0.043663
10.425575	0.069734	0.041439
10.445575	0.066017	0.038986
10.465575	0.062015	0.036425
10.485575	0.057934	0.033868
10.505575	0.053958	0.031411
10.525575	0.050232	0.029130
10.545575	0.046867	0.027083
10.565575	0.043935	0.025310
10.585575	0.041481	0.023833
10.605675	0.039524	0.022663
10.625675	0.038067	0.021799
10.645675	0.037096	0.021230
10.665675	0.036586	0.020938
10.685675	0.036503	0.020898
10.705675	0.036807	0.021081
10.725675	0.037450	0.021454
10.745675	0.038383	0.021984
10.765675	0.039553	0.022635
10.785675	0.040906	0.023372
10.805775	0.042389	0.024158
10.825775	0.043953	0.024961
10.845775	0.045552	0.025750
10.865775	0.047154	0.026496
10.885775	0.048741	0.027182
10.905775	0.050317	0.027795
10.925775	0.051908	0.028335
10.945775	0.053568	0.028815
10.965775	0.055370	0.029257
10.985775	0.057408	0.029694
11.005875	0.059779	0.030166
11.025875	0.062566	0.030714
11.045875	0.065828	0.031374
11.065875	0.069575	0.032177
11.085875	0.073762	0.033136
11.105875	0.078282	0.034254
11.125875	0.082974	0.035520
11.145875	0.087645	0.036911
11.165875	0.092094	0.038406
11.185875	0.096150	0.039986
11.205975	0.099696	0.041641
11.225975	0.102692	0.043373
11.245975	0.105180	0.045191
11.265975	0.107272	0.047109
11.285975	0.109128	0.049139
11.305975	0.110915	0.051274
11.325975	0.112775	0.053491
11.345975	0.114791	0.055741
11.365975	0.116963	0.057946
11.385975	0.119196	0.060001
11.406075	0.121311	0.061779
11.426075	0.123059	0.063142
11.446075	0.124158	0.063954
11.466075	0.124332	0.064098
11.486075	0.123359	0.063493
11.506075	0.121107	0.062110
11.526075	0.117564	0.059987
11.546075	0.112847	0.057224
11.566075	0.107189	0.053985
11.586075	0.100917	0.050472
11.606175	0.094402	0.046910
11.626175	0.088025	0.043523
11.646175	0.082133	0.040516
11.666175	0.077024	0.038060
11.686175	0.072927	0.036289
11.706175	0.070011	0.035301
11.726175	0.068373	0.035147
11.746175	0.068064	0.035843
11.766175	0.069076	0.037359
11.786175	0.071348	0.039620
11.806275	0.074763	0.042502
11.826275	0.079148	0.045836
11.846275	0.084285	0.049416
11.866275	0.089915	0.053013
11.886275	0.095757	0.056392
11.906275	0.101522	0.059330
11.926275	0.106927	0.061639
11.946275	0.111703	0.063172
11.966275	0.115603	0.063838
11.986275	0.118416	0.063605
12.006375	0.119969	0.062499
12.026375	0.120157	0.060610
12.046375	0.118947	0.058082
12.066375	0.116409	0.055108
12.086375	0.112723	0.051920
12.106375	0.108171	0.048769
12.126375	0.103127	0.045910
12.146375	0.098008	0.043570
12.166375	0.093234	0.041927
12.186375	0.089173	0.041094
12.206475	0.086101	0.041105
12.226475	0.084177	0.041911
12.246475	0.083434	0.043394
12.266475	0.083794	0.045381
12.286475	0.085092	0.047663
12.306475	0.087105	0.050021
12.326475	0.089584	0.052243
12.346475	0.092279	0.054143
12.366475	0.094964	0.055578
12.386475	0.097447	0.056448
12.406575	0.099588	0.056711
12.426575	0.101298	0.056377
12.446575	0.102546	0.055506
12.466575	0.103352	0.054197
12.486575	0.103773	0.052574
12.506575	0.103895	0.050771
12.526575	0.103814	0.048914
12.546575	0.103631	0.047112
12.566575	0.103433	0.045444
12.586575	0.103297	0.043963
12.606675	0.103292	0.042693
12.626675	0.103474	0.041639
12.646675	0.103890	0.040789
12.666675	0.104568	0.040124
12.686675	0.105520	0.039618
12.706675	0.106729	0.039247
12.726675	0.108148	0.038983
12.746675	0.109697	0.038795
12.766675	0.111273	0.038654
12.786675	0.112750	0.038530
12.806775	0.114007	0.038394
12.826775	0.114935	0.038221
12.846775	0.115458	0.037997
12.866775	0.115549	0.037716
12.886775	0.115231	0.037386
12.906775	0.114582	0.037030
12.926775	0.113728	0.036684
12.946775	0.112824	0.036393
12.966775	0.112036	0.036210
12.986775	0.111514	0.036186
13.006875	0.111372	0.036362
13.026875	0.111666	0.036765
13.046875	0.112387	0.037403
13.066875	0.113460	0.038258
13.086875	0.114762	0.039291
13.106875	0.116138	0.040447
13.126875	0.117435	0.041659
13.146875	0.118528	0.042859
13.166875	0.119338	0.043988
13.186875	0.119846	0.045001
13.206975	0.120083	0.045871
13.226975	0.120121	0.046589
13.246975	0.120052	0.047162
13.266975	0.119962	0.047606
13.286975	0.119921	0.047943
13.306975	0.119968	0.048197
13.326975	0.120116	0.048389
13.346975	0.120347	0.048534
13.366975	0.120631	0.048642
13.386975	0.120922	0.048715
13.407075	0.121174	0.048754
13.427075	0.121343	0.048750
13.447075	0.121385	0.048695
13.467075	0.121263	0.048576
13.487075	0.120948	0.048385
13.507075	0.120417	0.048114
13.527075	0.119660	0.047760
13.547075	0.118677	0.047327
13.567075	0.117483	0.046824
13.587075	0.116096	0.046263
13.607175	0.114548	0.045660
13.627175	0.112871	0.045028
13.647175	0.111103	0.044379
13.667175	0.109285	0.043723
13.687175	0.107466	0.043065
13.707175	0.105703	0.042407
13.727175	0.104066	0.041753
13.747175	0.102642	0.041105
13.767175	0.101528	0.040467
13.787175	0.100823	0.039846
13.807275	0.100623	0.039251
13.827275	0.100997	0.038689
13.847275	0.101968	0.038165
13.867275	0.103511	0.037681
13.887275	0.105536	0.037231
13.907275	0.107898	0.036805
13.927275	0.110412	0.036387
13.947275	0.112874	0.035961
13.967275	0.115099	0.035513
13.987275	0.116945	0.035036
14.007375	0.118331	0.034529
14.027375	0.119263	0.034005
14.047375	0.119806	0.033482
14.067375	0.120092	0.032990
14.087375	0.120291	0.032561
14.107375	0.120564	0.032231
14.127375	0.121068	0.032032
14.147375	0.121923	0.031997
14.167375	0.123211	0.032153
14.187375	0.124985	0.032526
14.207475	0.127280	0.033140
14.227475	0.130117	0.034018
14.247475	0.133523	0.035180
14.267475	0.137521	0.036642
14.287475	0.142120	0.038413
14.307475	0.147297	0.040488
14.327475	0.152974	0.042845
14.347475	0.158997	0.045440
14.367475	0.165124	0.048208
14.387475	0.171030	0.051062
14.407575	0.176331	0.053901
14.427575	0.180611	0.056618
14.447575	0.183476	0.059109
14.467575	0.184609	0.061299
14.487575	0.183822	0.063150
14.507575	0.181100	0.064676
14.527575	0.176615	0.065955
14.547575	0.170726	0.067129
14.567575	0.163939	0.068399
14.587575	0.156846	0.070005
14.607675	0.150044	0.072194
14.627675	0.144057	0.075184
14.647675	0.139264	0.079115
14.667675	0.135861	0.084011
14.687675	0.133833	0.089749
14.707675	0.132992	0.096050
14.727675	0.133015	0.102499
14.747675	0.133515	0.108585
14.767675	0.134116	0.113780
14.787675	0.134516	0.117613
14.807775	0.134536	0.119752
14.827775	0.134149	0.120065
14.847775	0.133473	0.118635
14.867775	0.132763	0.115757
14.887775	0.132355	0.111882
14.907775	0.132618	0.107544
14.927775	0.133920	0.103282
14.947775	0.136540	0.099561
14.967775	0.140639	0.096716
14.987775	0.146225	0.094923
15.007875	0.153127	0.094193
15.027875	0.161003	0.094391
15.047875	0.169365	0.095273
15.067875	0.177620	0.096521
15.087875	0.185133	0.097795
15.107875	0.191283	0.098767
15.127875	0.195534	0.099156
15.147875	0.197491	0.098756
15.167875	0.196933	0.097440
15.187875	0.193835	0.095175
15.207975	0.188370	0.092012
15.227975	0.180886	0.088074
15.247975	0.171881	0.083550
15.267975	0.161956	0.078676
15.287975	0.151760	0.073707
15.307975	0.141937	0.068910
15.327975	0.133062	0.064533
15.347975	0.125592	0.060785
15.367975	0.119819	0.057820
15.387975	0.115845	0.055717
15.408075	0.113588	0.054480
15.428075	0.112802	0.054038
15.448075	0.113130	0.054258
15.468075	0.114148	0.054962
15.488075	0.115450	0.055953
15.508075	0.116690	0.057036
15.528075	0.117621	0.058036
15.548075	0.118115	0.058811
15.568075	0.118158	0.059265
15.588075	0.117827	0.059339
15.608175	0.117263	0.059021
15.628175	0.116645	0.058331
15.648175	0.116157	0.057321
15.668175	0.115968	0.056062
15.688175	0.116210	0.054641
15.708175	0.116965	0.053147
15.728175	0.118265	0.051670
15.748175	0.120079	0.050290
15.768175	0.122329	0.049081
15.788175	0.124911	0.048105
15.808275	0.127712	0.047413
15.828275	0.130642	0.047045
15.848275	0.133650	0.047027
15.868275	0.136730	0.047363
15.888275	0.139904	0.048028
15.908275	0.143201	0.048972
15.928275	0.146601	0.050093
15.948275	0.150015	0.051271
15.968275	0.153260	0.052368
15.988275	0.156070	0.053248
16.008375	0.158128	0.053808
16.028375	0.159121	0.053996
16.048375	0.158815	0.053837
16.068375	0.157102	0.053430
16.088375	0.154053	0.052955
16.108375	0.149908	0.052642
16.128375	0.145064	0.052750
16.148375	0.140003	0.053522
16.168375	0.135209	0.055135
16.188375	0.131098	0.057671
16.208475	0.127942	0.061088
16.228475	0.125826	0.065208
16.248475	0.124657	0.069743
16.268475	0.124195	0.074331
16.288475	0.124138	0.078599
16.308475	0.124177	0.082220
16.328475	0.124093	0.084976
16.348475	0.123795	0.086780
16.368475	0.123335	0.087683
16.388475	0.122878	0.087843
16.408575	0.122648	0.087481
16.428575	0.122858	0.086822
16.448575	0.123647	0.086053
16.468575	0.125043	0.085292
16.488575	0.126960	0.084588
16.508575	0.129209	0.083937
16.528575	0.131547	0.083310
16.548575	0.133715	0.082686
16.568575	0.135488	0.082075
16.588575	0.136702	0.081526
16.608675	0.137268	0.081120
16.628675	0.137170	0.080961
16.648675	0.136450	0.081143
16.668675	0.135198	0.081739
16.688675	0.133541	0.082784
16.708675	0.131621	0.084271
16.728675	0.129590	0.086151
16.748675	0.127619	0.088367
16.768675	0.125865	0.090831
16.788675	0.124485	0.093463
16.808775	0.123627	0.096194
16.828775	0.123416	0.098958
16.848775	0.123948	0.101696
16.868775	0.125273	0.104341
16.888775	0.127382	0.106813
16.908775	0.130203	0.109012
16.928775	0.133604	0.110828
16.948775	0.137396	0.112146
16.968775	0.141365	0.112871
16.988775	0.145306	0.112948
17.008875	0.149044	0.112374
17.028875	0.152475	0.111218
17.048875	0.155578	0.109616
17.068875	0.158403	0.107751
17.088875	0.161055	0.105831
17.108875	0.163661	0.104055
17.128875	0.166323	0.102584
17.148875	0.169098	0.101517
17.168875	0.171975	0.100885
17.188875	0.174869	0.100649
17.208975	0.177646	0.100724
17.228975	0.180142	0.100990
17.248975	0.182191	0.101324
17.268975	0.183645	0.101615
17.288975	0.184400	0.101782
