Energy(eV)	C_p_DOS	Pt_d_DOS
-22.725110	0.000000	0.000000
-22.705110	0.000000	0.000000
-22.685111	0.000000	0.000000
-22.665111	0.000000	0.000000
-22.645111	0.000000	0.000000
-22.625010	0.000000	0.000000
-22.605010	0.000000	0.000000
-22.585010	0.000000	0.000000
-22.565010	0.000000	0.000000
-22.545011	0.000000	0.000000
-22.525011	0.000000	0.000000
-22.505011	0.000000	0.000000
-22.485010	0.000000	0.000000
-22.465010	0.000000	0.000000
-22.445010	0.000000	0.000000
-22.424910	0.000000	0.000000
-22.404910	0.000000	0.000000
-22.384911	0.000000	0.000000
-22.364911	0.000000	0.000000
-22.344911	0.000000	0.000000
-22.324910	0.000000	0.000000
-22.304910	0.000000	0.000000
-22.284910	0.000000	0.000000
-22.264910	0.000000	0.000000
-22.244910	0.000000	0.000000
-22.224811	0.000000	0.000000
-22.204811	0.000000	0.000000
-22.184811	0.000000	0.000000
-22.164810	0.000000	0.000000
-22.144810	0.000000	0.000000
-22.124810	0.000000	0.000000
-22.104810	0.000000	0.000000
-22.084810	0.000000	0.000000
-22.064811	0.000000	0.000000
-22.044811	0.000000	0.000000
-22.024711	0.000000	0.000000
-22.004710	0.000000	0.000000
-21.984710	0.000000	0.000000
-21.964710	0.000000	0.000000
-21.944710	0.000000	0.000000
-21.924710	0.000000	0.000000
-21.904711	0.000000	0.000000
-21.884711	0.000000	0.000000
-21.864711	0.000000	0.000000
-21.844710	0.000000	0.000000
-21.824610	0.000000	0.000000
-21.804610	0.000000	0.000000
-21.784610	0.000000	0.000000
-21.764610	0.000000	0.000000
-21.744611	0.000000	0.000000
-21.724611	0.000000	0.000000
-21.704611	0.000000	0.000000
-21.684610	0.000000	0.000000
-21.664610	0.000000	0.000000
-21.644610	0.000000	0.000000
-21.624510	0.000000	0.000000
-21.604510	0.000000	0.000000
-21.584511	0.000000	0.000000
-21.564511	0.000000	0.000000
-21.544511	0.000000	0.000000
-21.524510	0.000000	0.000000
-21.504510	0.000000	0.000000
-21.484510	0.000000	0.000000
-21.464510	0.000000	0.000000
-21.444510	0.000000	0.000000
-21.424411	0.000000	0.000000
-21.404411	0.000000	0.000000
-21.384411	0.000000	0.000000
-21.364410	0.000000	0.000000
-21.344410	0.000000	0.000000
-21.324410	0.000000	0.000000
-21.304410	0.000000	0.000000
-21.284410	0.000000	0.000000
-21.264411	0.000000	0.000000
-21.244411	0.000000	0.000000
-21.224310	0.000000	0.000000
-21.204310	0.000000	0.000000
-21.184310	0.000000	0.000000
-21.164310	0.000000	0.000000
-21.144310	0.000000	0.000000
-21.124310	0.000000	0.000000
-21.104311	0.000000	0.000000
-21.084311	0.000000	0.000000
-21.064311	0.000000	0.000000
-21.044310	0.000000	0.000000
-21.024210	0.000000	0.000000
-21.004210	0.000000	0.000000
-20.984210	0.000000	0.000000
-20.964211	0.000000	0.000000
-20.944211	0.000000	0.000000
-20.924211	0.000000	0.000000
-20.904210	0.000000	0.000000
-20.884210	0.000000	0.000000
-20.864210	0.000000	0.000000
-20.844210	0.000000	0.000000
-20.824110	0.000000	0.000000
-20.804111	0.000000	0.000000
-20.784111	0.000000	0.000000
-20.764111	0.000000	0.000000
-20.744110	0.000000	0.000000
-20.724110	0.000000	0.000000
-20.704110	0.000000	0.000000
-20.684110	0.000000	0.000000
-20.664110	0.000000	0.000000
-20.644111	0.000000	0.000000
-20.624011	0.000000	0.000000
-20.604011	0.000000	0.000000
-20.584010	0.000000	0.000000
-20.564010	0.000000	0.000000
-20.544010	0.000000	0.000000
-20.524010	0.000000	0.000000
-20.504010	0.000000	0.000000
-20.484011	0.000000	0.000000
-20.464011	0.000000	0.000000
-20.444011	0.000000	0.000000
-20.423910	0.000000	0.000000
-20.403910	0.000000	0.000000
-20.383910	0.000000	0.000000
-20.363910	0.000000	0.000000
-20.343910	0.000000	0.000000
-20.323911	0.000000	0.000000
-20.303911	0.000000	0.000000
-20.283911	0.000000	0.000000
-20.263910	0.000000	0.000000
-20.243910	0.000000	0.000000
-20.223810	0.000000	0.000000
-20.203810	0.000000	0.000000
-20.183810	0.000000	0.000000
-20.163811	0.000000	0.000000
-20.143811	0.000000	0.000000
-20.123811	0.000000	0.000000
-20.103810	0.000000	0.000000
-20.083810	0.000000	0.000000
-20.063810	0.000000	0.000000
-20.043810	0.000000	0.000000
-20.023710	0.000000	0.000000
-20.003711	0.000000	0.000000
-19.983711	0.000000	0.000000
-19.963711	0.000000	0.000000
-19.943710	0.000000	0.000000
-19.923710	0.000000	0.000000
-19.903710	0.000000	0.000000
-19.883710	0.000000	0.000000
-19.863710	0.000000	0.000000
-19.843711	0.000000	0.000000
-19.823611	0.000000	0.000000
-19.803610	0.000000	0.000000
-19.783610	0.000000	0.000000
-19.763610	0.000000	0.000000
-19.743610	0.000000	0.000000
-19.723610	0.000000	0.000000
-19.703610	0.000000	0.000000
-19.683611	0.000000	0.000000
-19.663611	0.000000	0.000000
-19.643611	0.000000	0.000000
-19.623510	0.000000	0.000000
-19.603510	0.000000	0.000000
-19.583510	0.000000	0.000000
-19.563510	0.000000	0.000000
-19.543511	0.000000	0.000000
-19.523511	0.000000	0.000000
-19.503511	0.000000	0.000000
-19.483511	0.000000	0.000000
-19.463510	0.000000	0.000000
-19.443510	0.000000	0.000000
-19.423410	0.000000	0.000000
-19.403410	0.000000	0.000000
-19.383411	0.000000	0.000000
-19.363411	0.000000	0.000000
-19.343411	0.000000	0.000000
-19.323410	0.000000	0.000000
-19.303410	0.000000	0.000000
-19.283410	0.000000	0.000000
-19.263410	0.000000	0.000000
-19.243410	0.000000	0.000000
-19.223311	0.000000	0.000000
-19.203311	0.000000	0.000000
-19.183311	0.000000	0.000000
-19.163310	0.000000	0.000000
-19.143310	0.000000	0.000000
-19.123310	0.000000	0.000000
-19.103310	0.000000	0.000000
-19.083310	0.000000	0.000000
-19.063311	0.000000	0.000000
-19.043311	0.000000	0.000000
-19.023211	0.000000	0.000000
-19.003210	0.000000	0.000000
-18.983210	0.000000	0.000000
-18.963210	0.000000	0.000000
-18.943210	0.000000	0.000000
-18.923210	0.000000	0.000000
-18.903211	0.000000	0.000000
-18.883211	0.000000	0.000000
-18.863211	0.000000	0.000000
-18.843210	0.000000	0.000000
-18.823110	0.000000	0.000000
-18.803110	0.000000	0.000000
-18.783110	0.000000	0.000000
-18.763110	0.000000	0.000000
-18.743111	0.000000	0.000000
-18.723111	0.000000	0.000000
-18.703111	0.000000	0.000000
-18.683111	0.000000	0.000000
-18.663111	0.000000	0.000000
-18.643110	0.000000	0.000000
-18.623010	0.000000	0.000000
-18.603010	0.000000	0.000000
-18.583011	0.000000	0.000000
-18.563011	0.000000	0.000000
-18.543011	0.000000	0.000000
-18.523011	0.000000	0.000000
-18.503011	0.000000	0.000000
-18.483010	0.000000	0.000000
-18.463010	0.000000	0.000000
-18.443010	0.000000	0.000000
-18.422911	0.000000	0.000000
-18.402911	0.000000	0.000000
-18.382911	0.000000	0.000000
-18.362911	0.000000	0.000000
-18.342911	0.000000	0.000000
-18.322910	0.000000	0.000000
-18.302910	0.000000	0.000000
-18.282910	0.000000	0.000000
-18.262911	0.000000	0.000000
-18.242911	0.000000	0.000000
-18.222811	0.000000	0.000000
-18.202811	0.000000	0.000000
-18.182811	0.000000	0.000000
-18.162810	0.000000	0.000000
-18.142810	0.000000	0.000000
-18.122810	0.000000	0.000000
-18.102811	0.000000	0.000000
-18.082811	0.000000	0.000000
-18.062811	0.000000	0.000000
-18.042811	0.000000	0.000000
-18.022710	0.000000	0.000000
-18.002710	0.000000	0.000000
-17.982710	0.000000	0.000000
-17.962711	0.000000	0.000000
-17.942711	0.000000	0.000000
-17.922711	0.000000	0.000000
-17.902711	0.000000	0.000000
-17.882711	0.000000	0.000000
-17.862711	0.000000	0.000000
-17.842710	0.000000	0.000000
-17.822610	0.000000	0.000000
-17.802611	0.000000	0.000000
-17.782611	0.000000	0.000000
-17.762611	0.000000	0.000000
-17.742611	0.000000	0.000000
-17.722611	0.000000	0.000000
-17.702610	0.000000	0.000000
-17.682610	0.000000	0.000000
-17.662610	0.000000	0.000000
-17.642610	0.000000	0.000000
-17.622511	0.000000	0.000000
-17.602511	0.000000	0.000000
-17.582511	0.000000	0.000000
-17.562511	0.000000	0.000000
-17.542510	0.000000	0.000000
-17.522510	0.000000	0.000000
-17.502510	0.000000	0.000000
-17.482511	0.000000	0.000000
-17.462511	0.000000	0.000000
-17.442511	0.000000	0.000000
-17.422411	0.000000	0.000000
-17.402411	0.000000	0.000000
-17.382410	0.000000	0.000000
-17.362410	0.000000	0.000000
-17.342410	0.000000	0.000000
-17.322411	0.000000	0.000000
-17.302411	0.000000	0.000000
-17.282411	0.000000	0.000000
-17.262411	0.000000	0.000000
-17.242411	0.000000	0.000000
-17.222310	0.000000	0.000000
-17.202310	0.000000	0.000000
-17.182310	0.000000	0.000000
-17.162311	0.000000	0.000000
-17.142311	0.000000	0.000000
-17.122311	0.000000	0.000000
-17.102311	0.000000	0.000000
-17.082311	0.000000	0.000000
-17.062310	0.000000	0.000000
-17.042310	0.000000	0.000000
-17.022210	0.000000	0.000000
-17.002211	0.000000	0.000000
-16.982211	0.000000	0.000000
-16.962211	0.000000	0.000000
-16.942211	0.000000	0.000000
-16.922211	0.000000	0.000000
-16.902210	0.000000	0.000000
-16.882210	0.000000	0.000000
-16.862210	0.000000	0.000000
-16.842211	0.000000	0.000000
-16.822111	0.000000	0.000000
-16.802111	0.000000	0.000000
-16.782111	0.000000	0.000000
-16.762111	0.000000	0.000000
-16.742110	0.000000	0.000000
-16.722110	0.000000	0.000000
-16.702110	0.000000	0.000000
-16.682111	0.000000	0.000000
-16.662111	0.000000	0.000000
-16.642111	0.000000	0.000000
-16.622011	0.000000	0.000000
-16.602010	0.000000	0.000000
-16.582010	0.000000	0.000000
-16.562010	0.000000	0.000000
-16.542010	0.000000	0.000000
-16.522011	0.000000	0.000000
-16.502011	0.000000	0.000000
-16.482011	0.000000	0.000000
-16.462011	0.000000	0.000000
-16.442011	0.000000	0.000000
-16.421910	0.000000	0.000000
-16.401910	0.000000	0.000000
-16.381911	0.000000	0.000000
-16.361911	0.000000	0.000000
-16.341911	0.000000	0.000000
-16.321911	0.000000	0.000000
-16.301911	0.000000	0.000000
-16.281911	0.000000	0.000000
-16.261910	0.000000	0.000000
-16.241910	0.000000	0.000000
-16.221811	0.000000	0.000000
-16.201811	0.000000	0.000000
-16.181811	0.000000	0.000000
-16.161811	0.000000	0.000000
-16.141811	0.000000	0.000000
-16.121810	0.000000	0.000000
-16.101810	0.000000	0.000000
-16.081810	0.000000	0.000000
-16.061810	0.000000	0.000000
-16.041811	0.000000	0.000000
-16.021711	0.000000	0.000000
-16.001711	0.000000	0.000000
-15.981711	0.000000	0.000000
-15.961710	0.000000	0.000000
-15.941710	0.000000	0.000000
-15.921710	0.000000	0.000000
-15.901711	0.000000	0.000000
-15.881710	0.000000	0.000000
-15.861710	0.000000	0.000000
-15.841710	0.000000	0.000000
-15.821611	0.000000	0.000000
-15.801610	0.000000	0.000000
-15.781610	0.000000	0.000000
-15.761610	0.000000	0.000000
-15.741611	0.000000	0.000000
-15.721610	0.000000	0.000000
-15.701610	0.000000	0.000000
-15.681610	0.000000	0.000000
-15.661611	0.000000	0.000000
-15.641610	0.000000	0.000000
-15.621510	0.000000	0.000000
-15.601510	0.000000	0.000000
-15.581511	0.000000	0.000000
-15.561510	0.000000	0.000000
-15.541510	0.000000	0.000000
-15.521510	0.000000	0.000000
-15.501511	0.000000	0.000000
-15.481510	0.000000	0.000000
-15.461510	0.000000	0.000000
-15.441510	0.000000	0.000000
-15.421411	0.000000	0.000000
-15.401410	0.000000	0.000000
-15.381410	0.000000	0.000000
-15.361410	0.000000	0.000000
-15.341411	0.000000	0.000000
-15.321410	0.000000	0.000000
-15.301410	0.000000	0.000000
-15.281410	0.000000	0.000000
-15.261411	0.000000	0.000000
-15.241410	0.000000	0.000000
-15.221310	0.000000	0.000000
-15.201310	0.000000	0.000000
-15.181311	0.000000	0.000000
-15.161310	0.000000	0.000000
-15.141310	0.000000	0.000000
-15.121310	0.000000	0.000000
-15.101311	0.000000	0.000000
-15.081310	0.000000	0.000000
-15.061310	0.000000	0.000000
-15.041310	0.000000	0.000000
-15.021210	0.000000	0.000000
-15.001210	0.000000	0.000000
-14.981210	0.000000	0.000000
-14.961210	0.000000	0.000000
-14.941211	0.000000	0.000000
-14.921210	0.000000	0.000000
-14.901210	0.000000	0.000000
-14.881210	0.000000	0.000000
-14.861211	0.000000	0.000000
-14.841210	0.000000	0.000000
-14.821110	0.000000	0.000000
-14.801111	0.000000	0.000000
-14.781110	0.000000	0.000000
-14.761110	0.000000	0.000000
-14.741110	0.000000	0.000000
-14.721110	0.000000	0.000000
-14.701111	0.000000	0.000000
-14.681110	0.000000	0.000000
-14.661110	0.000000	0.000000
-14.641110	0.000000	0.000000
-14.621010	0.000000	0.000000
-14.601010	0.000000	0.000000
-14.581010	0.000000	0.000000
-14.561011	0.000000	0.000000
-14.541010	0.000000	0.000000
-14.521010	0.000000	0.000000
-14.501010	0.000000	0.000000
-14.481011	0.000000	0.000000
-14.461011	0.000000	0.000000
-14.441010	0.000000	0.000000
-14.420910	0.000000	0.000000
-14.400911	0.000000	0.000000
-14.380910	0.000000	0.000000
-14.360910	0.000000	0.000000
-14.340910	0.000000	0.000000
-14.320911	0.000000	0.000000
-14.300910	0.000000	0.000000
-14.280910	0.000000	0.000000
-14.260910	0.000000	0.000000
-14.240911	0.000000	0.000000
-14.220810	0.000000	0.000000
-14.200810	0.000000	0.000000
-14.180810	0.000000	0.000000
-14.160811	0.000000	0.000000
-14.140810	0.000000	0.000000
-14.120810	0.000000	0.000000
-14.100810	0.000000	0.000000
-14.080811	0.000000	0.000000
-14.060810	0.000000	0.000000
-14.040810	0.000000	0.000000
-14.020710	0.000000	0.000000
-14.000711	0.000000	0.000000
-13.980710	0.000000	0.000000
-13.960710	0.000000	0.000000
-13.940710	0.000000	0.000000
-13.920711	0.000000	0.000000
-13.900710	0.000000	0.000000
-13.880710	0.000000	0.000000
-13.860710	0.000000	0.000000
-13.840711	0.000000	0.000000
-13.820610	0.000000	0.000000
-13.800610	0.000000	0.000000
-13.780610	0.000000	0.000000
-13.760611	0.000000	0.000000
-13.740610	0.000000	0.000000
-13.720610	0.000000	0.000000
-13.700610	0.000000	0.000000
-13.680611	0.000000	0.000000
-13.660610	0.000000	0.000000
-13.640610	0.000000	0.000000
-13.620510	0.000000	0.000000
-13.600511	0.000000	0.000000
-13.580510	0.000000	0.000000
-13.560510	0.000000	0.000000
-13.540510	0.000000	0.000000
-13.520511	0.000000	0.000000
-13.500510	0.000000	0.000000
-13.480510	0.000000	0.000000
-13.460510	0.000000	0.000000
-13.440511	0.000000	0.000000
-13.420410	0.000000	0.000000
-13.400410	0.000000	0.000000
-13.380410	0.000000	0.000000
-13.360411	0.000000	0.000000
-13.340410	0.000000	0.000000
-13.320410	0.000000	0.000000
-13.300410	0.000000	0.000000
-13.280411	0.000000	0.000000
-13.260410	0.000000	0.000000
-13.240410	0.000000	0.000000
-13.220311	0.000000	0.000000
-13.200310	0.000000	0.000000
-13.180310	0.000000	0.000000
-13.160310	0.000000	0.000000
-13.140311	0.000000	0.000000
-13.120311	0.000000	0.000000
-13.100310	0.000000	0.000000
-13.080310	0.000000	0.000000
-13.060310	0.000000	0.000000
-13.040311	0.000000	0.000000
-13.020210	0.000000	0.000000
-13.000210	0.000000	0.000000
-12.980211	0.000000	0.000000
-12.960210	0.000000	0.000000
-12.940210	0.000000	0.000000
-12.920210	0.000000	0.000000
-12.900211	0.000000	0.000000
-12.880210	0.000000	0.000000
-12.860210	0.000000	0.000000
-12.840210	0.000000	0.000000
-12.820111	0.000000	0.000000
-12.800110	0.000000	0.000000
-12.780110	0.000000	0.000000
-12.760110	0.000000	0.000000
-12.740111	0.000000	0.000000
-12.720110	0.000000	0.000000
-12.700110	0.000000	0.000000
-12.680110	0.000000	0.000000
-12.660111	0.000000	0.000000
-12.640110	0.000000	0.000000
-12.620010	0.000000	0.000000
-12.600010	0.000000	0.000000
-12.580011	0.000000	0.000000
-12.560010	0.000000	0.000000
-12.540010	0.000000	0.000000
-12.520010	0.000000	0.000000
-12.500011	0.000000	0.000000
-12.480010	0.000000	0.000000
-12.460010	0.000000	0.000000
-12.440010	0.000000	0.000000
-12.419911	0.000000	0.000000
-12.399910	0.000000	0.000000
-12.379910	0.000000	0.000000
-12.359910	0.000000	0.000000
-12.339911	0.000000	0.000000
-12.319910	0.000000	0.000000
-12.299910	0.000000	0.000000
-12.279910	0.000000	0.000000
-12.259911	0.000000	0.000000
-12.239910	0.000000	0.000000
-12.219810	0.000000	0.000000
-12.199810	0.000000	0.000000
-12.179811	0.000000	0.000000
-12.159810	0.000000	0.000000
-12.139810	0.000000	0.000000
-12.119810	0.000000	0.000000
-12.099811	0.000000	0.000000
-12.079810	0.000000	0.000000
-12.059810	0.000000	0.000000
-12.039810	0.000000	0.000000
-12.019711	0.000000	0.000000
-11.999710	0.000000	0.000000
-11.979710	0.000000	0.000000
-11.959710	0.000000	0.000000
-11.939711	0.000000	0.000000
-11.919710	0.000000	0.000000
-11.899710	0.000000	0.000000
-11.879710	0.000000	0.000000
-11.859711	0.000000	0.000000
-11.839710	0.000000	0.000000
-11.819610	0.000000	0.000000
-11.799611	0.000000	0.000000
-11.779611	0.000000	0.000000
-11.759610	0.000000	0.000000
-11.739610	0.000000	0.000000
-11.719610	0.000000	0.000000
-11.699611	0.000000	0.000000
-11.679610	0.000000	0.000000
-11.659610	0.000000	0.000000
-11.639610	0.000000	0.000000
-11.619510	0.000000	0.000000
-11.599510	0.000000	0.000000
-11.579510	0.000000	0.000000
-11.559511	0.000000	0.000000
-11.539510	0.000000	0.000000
-11.519510	0.000000	0.000000
-11.499510	0.000000	0.000000
-11.479510	0.000000	0.000000
-11.459511	0.000000	0.000000
-11.439510	0.000000	0.000000
-11.419410	0.000000	0.000000
-11.399411	0.000000	0.000000
-11.379410	0.000000	0.000000
-11.359410	0.000000	0.000000
-11.339410	0.000000	0.000000
-11.319411	0.000000	0.000000
-11.299410	0.000000	0.000000
-11.279410	0.000000	0.000000
-11.259410	0.000015	0.000050
-11.239410	0.000098	0.000322
-11.219310	0.000218	0.000715
-11.199310	0.000452	0.001482
-11.179310	0.000902	0.002954
-11.159311	0.001729	0.005659
-11.139310	0.003184	0.010420
-11.119310	0.005637	0.018440
-11.099310	0.009591	0.031364
-11.079311	0.015686	0.051275
-11.059310	0.024656	0.080569
-11.039310	0.037251	0.121678
-11.019210	0.054090	0.176623
-10.999211	0.075490	0.246415
-10.979210	0.101261	0.330424
-10.959210	0.130549	0.425852
-10.939210	0.161766	0.527507
-10.919211	0.192654	0.628028
-10.899210	0.220520	0.718638
-10.879210	0.242602	0.790352
-10.859210	0.256517	0.835430
-10.839211	0.260684	0.848744
-10.819110	0.254616	0.828744
-10.799110	0.239018	0.777750
-10.779110	0.215650	0.701512
-10.759111	0.186999	0.608141
-10.739110	0.155848	0.506697
-10.719110	0.124835	0.405758
-10.699110	0.096104	0.312290
-10.679111	0.071108	0.231005
-10.659111	0.050567	0.164233
-10.639110	0.034561	0.112220
-10.619010	0.022702	0.073697
-10.599011	0.014333	0.046516
-10.579011	0.008697	0.028218
-10.559010	0.005072	0.016453
-10.539010	0.002843	0.009219
-10.519011	0.001531	0.004965
-10.499011	0.000793	0.002570
-10.479010	0.000395	0.001279
-10.459010	0.000189	0.000611
-10.439011	0.000080	0.000259
-10.418911	0.000007	0.000021
-10.398910	0.000000	0.000000
-10.378910	0.000000	0.000000
-10.358911	0.000000	0.000000
-10.338911	0.000000	0.000000
-10.318910	0.000000	0.000000
-10.298910	0.000000	0.000000
-10.278911	0.000000	0.000000
-10.258911	0.000000	0.000000
-10.238910	0.000000	0.000000
-10.218811	0.000000	0.000000
-10.198811	0.000000	0.000000
-10.178811	0.000000	0.000000
-10.158810	0.000000	0.000000
-10.138810	0.000000	0.000000
-10.118811	0.000000	0.000000
-10.098811	0.000000	0.000000
-10.078810	0.000000	0.000000
-10.058810	0.000000	0.000000
-10.038811	0.000000	0.000000
-10.018710	0.000000	0.000000
-9.998710	0.000000	0.000000
-9.978711	0.000000	0.000000
-9.958711	0.000000	0.000000
-9.938710	0.000000	0.000000
-9.918710	0.000000	0.000000
-9.898710	0.000000	0.000000
-9.878711	0.000000	0.000000
-9.858711	0.000000	0.000000
-9.838710	0.000000	0.000000
-9.818611	0.000000	0.000000
-9.798611	0.000000	0.000000
-9.778610	0.000000	0.000000
-9.758610	0.000000	0.000000
-9.738611	0.000000	0.000000
-9.718611	0.000000	0.000000
-9.698610	0.000000	0.000000
-9.678610	0.000000	0.000000
-9.658610	0.000000	0.000000
-9.638611	0.000000	0.000000
-9.618510	0.000000	0.000000
-9.598510	0.000000	0.000000
-9.578511	0.000000	0.000000
-9.558511	0.000000	0.000000
-9.538510	0.000000	0.000000
-9.518510	0.000000	0.000000
-9.498511	0.000000	0.000000
-9.478511	0.000000	0.000000
-9.458510	0.000000	0.000000
-9.438510	0.000000	0.000000
-9.418411	0.000000	0.000000
-9.398411	0.000000	0.000000
-9.378410	0.000000	0.000000
-9.358410	0.000000	0.000000
-9.338411	0.000000	0.000000
-9.318411	0.000000	0.000000
-9.298410	0.000000	0.000000
-9.278410	0.000000	0.000000
-9.258411	0.000000	0.000000
-9.238411	0.000000	0.000000
-9.218310	0.000000	0.000000
-9.198310	0.000000	0.000000
-9.178311	0.000000	0.000000
-9.158311	0.000001	0.000000
-9.138310	0.000002	0.000001
-9.118310	0.000003	0.000002
-9.098311	0.000005	0.000003
-9.078311	0.000010	0.000005
-9.058310	0.000016	0.000009
-9.038310	0.000027	0.000015
-9.018211	0.000042	0.000024
-8.998211	0.000065	0.000038
-8.978210	0.000096	0.000058
-8.958210	0.000137	0.000086
-8.938211	0.000189	0.000123
-8.918211	0.000252	0.000171
-8.898210	0.000326	0.000232
-8.878210	0.000410	0.000307
-8.858211	0.000500	0.000396
-8.838211	0.000593	0.000500
-8.818110	0.000687	0.000669
-8.798110	0.000780	0.000900
-8.778111	0.000869	0.001234
-8.758111	0.000958	0.001761
-8.738110	0.001054	0.002627
-8.718110	0.001171	0.004069
-8.698111	0.001338	0.006548
-8.678111	0.001585	0.010571
-8.658110	0.001966	0.016971
-8.638110	0.002547	0.026824
-8.618011	0.003410	0.041472
-8.598010	0.004651	0.062459
-8.578010	0.006370	0.091413
-8.558010	0.008664	0.129871
-8.538011	0.011612	0.179046
-8.518011	0.015259	0.239584
-8.498010	0.019609	0.311337
-8.478010	0.024606	0.393206
-8.458011	0.030137	0.483069
-8.438011	0.036028	0.577810
-8.417910	0.042048	0.673463
-8.397911	0.047925	0.765427
-8.377911	0.053355	0.848778
-8.357910	0.058032	0.918632
-8.337910	0.061664	0.970575
-8.317910	0.064011	1.001102
-8.297911	0.064907	1.008050
-8.277911	0.064292	0.990919
-8.257910	0.062217	0.951029
-8.237910	0.058851	0.891443
-8.217811	0.054459	0.816640
-8.197810	0.049370	0.731988
-8.177810	0.043938	0.643099
-8.157811	0.038498	0.555193
-8.137811	0.033336	0.472591
-8.117810	0.028661	0.398390
-8.097810	0.024601	0.334376
-8.077811	0.021207	0.281128
-8.057811	0.018464	0.238259
-8.037811	0.016317	0.204718
-8.017710	0.014679	0.179096
-7.997711	0.013457	0.159848
-7.977711	0.012562	0.145559
-7.957710	0.011927	0.135395
-7.937710	0.011484	0.128216
-7.917711	0.011207	0.123879
-7.897711	0.011073	0.122265
-7.877710	0.011113	0.124391
-7.857710	0.011410	0.132411
-7.837711	0.012104	0.149733
-7.817611	0.013415	0.181590
-7.797610	0.015657	0.235262
-7.777610	0.019238	0.320091
-7.757611	0.024644	0.446992
-7.737611	0.032391	0.627313
-7.717610	0.042946	0.870945
-7.697610	0.056619	1.183786
-7.677611	0.073434	1.564935
-7.657611	0.093019	2.004229
-7.637610	0.114534	2.480912
-7.617510	0.136676	2.964127
-7.597511	0.157786	3.415646
-7.577511	0.176047	3.794668
-7.557510	0.189750	4.063937
-7.537510	0.197571	4.195919
-7.517511	0.198802	4.177614
-7.497511	0.193469	4.012832
-7.477510	0.182322	3.721355
-7.457510	0.166692	3.335237
-7.437511	0.148249	2.893160
-7.417411	0.128727	2.434231
-7.397410	0.109679	1.992547
-7.377410	0.092294	1.593530
-7.357411	0.077317	1.252440
-7.337411	0.065059	0.974876
-7.317410	0.055475	0.758701
-7.297410	0.048275	0.596637
-7.277411	0.043043	0.478839
-7.257411	0.039335	0.395006
-7.237410	0.036751	0.335798
-7.217310	0.034970	0.293566
-7.197311	0.033760	0.262556
-7.177311	0.032971	0.238745
-7.157310	0.032513	0.219516
-7.137310	0.032324	0.203072
-7.117311	0.032376	0.188880
-7.097311	0.032606	0.176185
-7.077310	0.032953	0.164958
-7.057310	0.033312	0.154756
-7.037311	0.033562	0.145362
-7.017210	0.033591	0.136620
-6.997210	0.033304	0.128374
-6.977210	0.032646	0.120485
-6.957211	0.031618	0.112863
-6.937211	0.030282	0.105480
-6.917210	0.028759	0.098367
-6.897210	0.027212	0.091608
-6.877211	0.025824	0.085311
-6.857211	0.024778	0.079585
-6.837210	0.024229	0.074517
-6.817111	0.024293	0.070147
-6.797111	0.025027	0.066461
-6.777110	0.026430	0.063387
-6.757110	0.028443	0.060803
-6.737111	0.030962	0.058548
-6.717111	0.033849	0.056448
-6.697110	0.036958	0.054331
-6.677110	0.040156	0.052056
-6.657110	0.043345	0.049529
-6.637111	0.046477	0.046715
-6.617011	0.049565	0.043638
-6.597010	0.052664	0.040374
-6.577011	0.055864	0.037032
-6.557011	0.059254	0.033732
-6.537011	0.062906	0.030589
-6.517010	0.066848	0.027689
-6.497011	0.071057	0.025089
-6.477011	0.075456	0.022809
-6.457010	0.079943	0.020844
-6.437010	0.084412	0.019171
-6.416911	0.088767	0.017762
-6.396911	0.092967	0.016591
-6.376911	0.097048	0.015642
-6.356910	0.101126	0.014909
-6.336911	0.105398	0.014398
-6.316911	0.110126	0.014116
-6.296911	0.115612	0.014073
-6.276910	0.122175	0.014273
-6.256911	0.130120	0.014715
-6.236911	0.139709	0.015388
-6.216810	0.151137	0.016277
-6.196810	0.164489	0.017355
-6.176811	0.179717	0.018590
-6.156811	0.196603	0.019943
-6.136811	0.214739	0.021364
-6.116810	0.233532	0.022792
-6.096811	0.252241	0.024155
-6.076811	0.270054	0.025378
-6.056811	0.286198	0.026384
-6.036810	0.300070	0.027107
-6.016711	0.311348	0.027502
-5.996710	0.320066	0.027552
-5.976710	0.326627	0.027269
-5.956710	0.331760	0.026695
-5.936711	0.336421	0.025893
-5.916711	0.341665	0.024939
-5.896711	0.348513	0.023912
-5.876710	0.357833	0.022887
-5.856711	0.370261	0.021925
-5.836711	0.386157	0.021075
-5.816610	0.405578	0.020367
-5.796610	0.428305	0.019817
-5.776611	0.453863	0.019428
-5.756610	0.481550	0.019187
-5.736610	0.510499	0.019072
-5.716610	0.539701	0.019053
-5.696611	0.568093	0.019095
-5.676610	0.594629	0.019161
-5.656611	0.618375	0.019220
-5.636610	0.638608	0.019247
-5.616511	0.654912	0.019225
-5.596510	0.667268	0.019150
-5.576510	0.676027	0.019029
-5.556510	0.681915	0.018875
-5.536511	0.685937	0.018707
-5.516510	0.689240	0.018549
-5.496510	0.693000	0.018422
-5.476510	0.698262	0.018347
-5.456511	0.705869	0.018339
-5.436510	0.716442	0.018408
-5.416410	0.730367	0.018562
-5.396410	0.747860	0.018801
-5.376411	0.769026	0.019126
-5.356410	0.793909	0.019531
-5.336410	0.822529	0.020012
-5.316410	0.854877	0.020559
-5.296411	0.890855	0.021164
-5.276410	0.930203	0.021815
-5.256410	0.972404	0.022499
-5.236410	1.016605	0.023202
-5.216311	1.061580	0.023908
-5.196311	1.105763	0.024601
-5.176310	1.147355	0.025261
-5.156311	1.184493	0.025871
-5.136311	1.215448	0.026416
-5.116310	1.238816	0.026877
-5.096310	1.253678	0.027239
-5.076310	1.259675	0.027484
-5.056311	1.256995	0.027594
-5.036310	1.246296	0.027551
-5.016210	1.228583	0.027339
-4.996211	1.205070	0.026944
-4.976211	1.177032	0.026364
-4.956211	1.145737	0.025602
-4.936210	1.112340	0.024677
-4.916211	1.077882	0.023616
-4.896211	1.043260	0.022456
-4.876211	1.009219	0.021238
-4.856210	0.976377	0.020004
-4.836210	0.945214	0.018792
-4.816111	0.916115	0.017634
-4.796111	0.889387	0.016553
-4.776110	0.865275	0.015562
-4.756111	0.843999	0.014668
-4.736111	0.825692	0.013871
-4.716111	0.810403	0.013166
-4.696110	0.798101	0.012544
-4.676111	0.788575	0.011995
-4.656111	0.781481	0.011507
-4.636111	0.776366	0.011067
-4.616010	0.772699	0.010662
-4.596011	0.770003	0.010279
-4.576010	0.767941	0.009905
-4.556011	0.766410	0.009529
-4.536010	0.765594	0.009144
-4.516011	0.765963	0.008741
-4.496010	0.768202	0.008321
-4.476011	0.773106	0.007884
-4.456010	0.781452	0.007437
-4.436011	0.793863	0.006991
-4.415910	0.810645	0.006560
-4.395911	0.831707	0.006159
-4.375910	0.856585	0.005807
-4.355911	0.884428	0.005518
-4.335910	0.914064	0.005306
-4.315911	0.944158	0.005180
-4.295910	0.973400	0.005145
-4.275911	1.000639	0.005199
-4.255910	1.025068	0.005338
-4.235911	1.046270	0.005551
-4.215810	1.064250	0.005823
-4.195811	1.079333	0.006139
-4.175810	1.091993	0.006480
-4.155811	1.102752	0.006830
-4.135810	1.112007	0.007171
-4.115811	1.119960	0.007493
-4.095810	1.126661	0.007787
-4.075811	1.132135	0.008051
-4.055810	1.136536	0.008286
-4.035811	1.140286	0.008500
-4.015710	1.144112	0.008700
-3.995710	1.148946	0.008898
-3.975710	1.155724	0.009102
-3.955710	1.165100	0.009318
-3.935710	1.177139	0.009548
-3.915711	1.191169	0.009790
-3.895710	1.205734	0.010041
-3.875711	1.218788	0.010293
-3.855710	1.228111	0.010541
-3.835711	1.231764	0.010785
-3.815611	1.228543	0.011026
-3.795610	1.218410	0.011274
-3.775610	1.202544	0.011543
-3.755610	1.183222	0.011850
-3.735610	1.163489	0.012212
-3.715610	1.146665	0.012647
-3.695610	1.135757	0.013165
-3.675610	1.133070	0.013770
-3.655610	1.139917	0.014459
-3.635610	1.156550	0.015223
-3.615511	1.182246	0.016046
-3.595511	1.215601	0.016913
-3.575511	1.254725	0.017805
-3.555511	1.297510	0.018706
-3.535511	1.341906	0.019601
-3.515510	1.386106	0.020474
-3.495510	1.428641	0.021310
-3.475510	1.468494	0.022091
-3.455510	1.505174	0.022800
-3.435510	1.538644	0.023415
-3.415411	1.569225	0.023917
-3.395411	1.597391	0.024286
-3.375411	1.623505	0.024505
-3.355411	1.647645	0.024563
-3.335411	1.669414	0.024453
-3.315411	1.687994	0.024177
-3.295411	1.702313	0.023746
-3.275411	1.711293	0.023180
-3.255410	1.714168	0.022507
-3.235410	1.710726	0.021765
-3.215311	1.701476	0.020996
-3.195311	1.687689	0.020246
-3.175311	1.671138	0.019556
-3.155311	1.653957	0.018960
-3.135311	1.638328	0.018485
-3.115311	1.626185	0.018143
-3.095311	1.619148	0.017936
-3.075311	1.618333	0.017855
-3.055311	1.624428	0.017883
-3.035311	1.637630	0.017996
-3.015211	1.657794	0.018169
-2.995210	1.684402	0.018374
-2.975211	1.716441	0.018586
-2.955211	1.752543	0.018781
-2.935211	1.790851	0.018940
-2.915211	1.829093	0.019044
-2.895211	1.864781	0.019083
-2.875211	1.895507	0.019050
-2.855211	1.919248	0.018949
-2.835211	1.934716	0.018789
-2.815110	1.941584	0.018585
-2.795110	1.940521	0.018360
-2.775110	1.933063	0.018131
-2.755110	1.921345	0.017919
-2.735110	1.907664	0.017735
-2.715111	1.894205	0.017586
-2.695111	1.882688	0.017473
-2.675111	1.874282	0.017395
-2.655111	1.869549	0.017350
-2.635111	1.868484	0.017338
-2.615010	1.870610	0.017359
-2.595010	1.875061	0.017418
-2.575010	1.880637	0.017515
-2.555010	1.885918	0.017653
-2.535010	1.889304	0.017826
-2.515010	1.889159	0.018029
-2.495010	1.883931	0.018251
-2.475010	1.872286	0.018479
-2.455011	1.853187	0.018697
-2.435010	1.825993	0.018891
-2.414910	1.790459	0.019047
-2.394910	1.746722	0.019152
-2.374910	1.695244	0.019198
-2.354910	1.636885	0.019182
-2.334910	1.572804	0.019108
-2.314910	1.504489	0.018987
-2.294910	1.433785	0.018841
-2.274910	1.362739	0.018698
-2.254910	1.293671	0.018595
-2.234910	1.229003	0.018574
-2.214811	1.170989	0.018679
-2.194810	1.121700	0.018951
-2.174810	1.082703	0.019426
-2.154810	1.054940	0.020119
-2.134810	1.038492	0.021028
-2.114810	1.032658	0.022119
-2.094810	1.035946	0.023330
-2.074810	1.046402	0.024571
-2.054810	1.061895	0.025734
-2.034810	1.080650	0.026706
-2.014711	1.101552	0.027393
-1.994711	1.124349	0.027729
-1.974711	1.149690	0.027693
-1.954711	1.178727	0.027315
-1.934710	1.212753	0.026662
-1.914710	1.252684	0.025834
-1.894710	1.298590	0.024933
-1.874710	1.349564	0.024051
-1.854710	1.403763	0.023250
-1.834710	1.458621	0.022555
-1.814611	1.511311	0.021956
-1.794611	1.559141	0.021414
-1.774611	1.599875	0.020881
-1.754611	1.631917	0.020306
-1.734611	1.654403	0.019652
-1.714611	1.667222	0.018902
-1.694611	1.670919	0.018058
-1.674611	1.666770	0.017145
-1.654610	1.656577	0.016199
-1.634610	1.642575	0.015263
-1.614510	1.627189	0.014382
-1.594510	1.612762	0.013593
-1.574510	1.601230	0.012923
-1.554510	1.593909	0.012388
-1.534510	1.591314	0.011992
-1.514511	1.593112	0.011730
-1.494511	1.598293	0.011591
-1.474511	1.605332	0.011563
-1.454511	1.612456	0.011635
-1.434511	1.617873	0.011800
-1.414411	1.619968	0.012052
-1.394410	1.617553	0.012393
-1.374410	1.609657	0.012817
-1.354410	1.595809	0.013322
-1.334410	1.575891	0.013895
-1.314410	1.550148	0.014520
-1.294410	1.519178	0.015169
-1.274410	1.483943	0.015813
-1.254411	1.445653	0.016420
-1.234411	1.405792	0.016957
-1.214311	1.365860	0.017396
-1.194311	1.327356	0.017718
-1.174311	1.291585	0.017909
-1.154311	1.259586	0.017965
-1.134310	1.232123	0.017892
-1.114310	1.209657	0.017702
-1.094310	1.192411	0.017411
-1.074310	1.180462	0.017043
-1.054310	1.173789	0.016621
-1.034310	1.172274	0.016170
-1.014210	1.175777	0.015713
-0.994210	1.184050	0.015269
-0.974211	1.196700	0.014856
-0.954211	1.213193	0.014483
-0.934211	1.232870	0.014157
-0.914211	1.254962	0.013878
-0.894211	1.278605	0.013642
-0.874211	1.302967	0.013442
-0.854210	1.327212	0.013271
-0.834210	1.350670	0.013118
-0.814110	1.372878	0.012978
-0.794110	1.393605	0.012847
-0.774110	1.412937	0.012725
-0.754110	1.431246	0.012617
-0.734110	1.449132	0.012530
-0.714110	1.467306	0.012471
-0.694110	1.486431	0.012450
-0.674110	1.506995	0.012474
-0.654110	1.529224	0.012547
-0.634110	1.553059	0.012675
-0.614011	1.578222	0.012858
-0.594010	1.604317	0.013099
-0.574010	1.630988	0.013395
-0.554010	1.657961	0.013745
-0.534010	1.685110	0.014143
-0.514010	1.712406	0.014580
-0.494010	1.739834	0.015040
-0.474010	1.767310	0.015505
-0.454010	1.794605	0.015951
-0.434010	1.821354	0.016352
-0.413911	1.847066	0.016686
-0.393911	1.871215	0.016933
-0.373911	1.893243	0.017080
-0.353911	1.912593	0.017123
-0.333910	1.928615	0.017064
-0.313910	1.940556	0.016911
-0.293910	1.947476	0.016676
-0.273910	1.948308	0.016371
-0.253910	1.941895	0.016007
-0.233910	1.927220	0.015593
-0.213811	1.903625	0.015137
-0.193811	1.871032	0.014646
-0.173811	1.830108	0.014128
-0.153811	1.782298	0.013594
-0.133811	1.729734	0.013062
-0.113811	1.675008	0.012553
-0.093811	1.620853	0.012091
-0.073811	1.569803	0.011707
-0.053810	1.523862	0.011425
-0.033810	1.484264	0.011269
-0.013711	1.451416	0.011252
0.006289	1.424879	0.011378
0.026289	1.403572	0.011639
0.046289	1.385913	0.012014
0.066289	1.370087	0.012477
0.086289	1.354212	0.012996
0.106289	1.336550	0.013542
0.126289	1.315627	0.014097
0.146289	1.290286	0.014656
0.166289	1.259777	0.015235
0.186390	1.223787	0.015874
0.206390	1.182459	0.016633
0.226389	1.136397	0.017589
0.246389	1.086617	0.018825
0.266389	1.034511	0.020424
0.286389	0.981675	0.022450
0.306389	0.929761	0.024935
0.326389	0.880235	0.027868
0.346389	0.834178	0.031178
0.366389	0.792112	0.034734
0.386490	0.753892	0.038343
0.406490	0.718737	0.041767
0.426490	0.685375	0.044744
0.446490	0.652302	0.047023
0.466490	0.618065	0.048393
0.486489	0.581568	0.048723
0.506489	0.542270	0.047980
0.526489	0.500294	0.046236
0.546489	0.456380	0.043655
0.566489	0.411743	0.040472
0.586590	0.367810	0.036950
0.606590	0.325996	0.033349
0.626590	0.287506	0.029891
0.646590	0.253210	0.026746
0.666590	0.223629	0.024025
0.686590	0.198949	0.021787
0.706590	0.179110	0.020053
0.726590	0.163904	0.018818
0.746589	0.153036	0.018067
0.766589	0.146162	0.017774
0.786690	0.142914	0.017910
0.806690	0.142861	0.018434
0.826690	0.145513	0.019296
0.846690	0.150310	0.020434
0.866690	0.156643	0.021778
0.886690	0.163876	0.023257
0.906690	0.171418	0.024802
0.926690	0.178717	0.026357
0.946690	0.185329	0.027876
0.966690	0.190919	0.029326
0.986789	0.195262	0.030681
1.006790	0.198240	0.031924
1.026790	0.199830	0.033038
1.046790	0.200092	0.034007
1.066790	0.199164	0.034817
1.086790	0.197247	0.035456
1.106790	0.194597	0.035920
1.126790	0.191512	0.036212
1.146790	0.188304	0.036347
1.166790	0.185284	0.036349
1.186889	0.182732	0.036259
1.206889	0.180872	0.036123
1.226889	0.179855	0.035996
1.246889	0.179732	0.035933
1.266890	0.180448	0.035985
1.286889	0.181828	0.036189
1.306890	0.183585	0.036567
1.326889	0.185343	0.037120
1.346890	0.186664	0.037825
1.366889	0.187112	0.038648
1.386989	0.186316	0.039544
1.406990	0.184038	0.040476
1.426989	0.180231	0.041419
1.446990	0.175072	0.042376
1.466989	0.168964	0.043375
1.486990	0.162507	0.044476
1.506989	0.156426	0.045759
1.526990	0.151495	0.047316
1.546990	0.148444	0.049239
1.566989	0.147864	0.051606
1.587089	0.150136	0.054463
1.607090	0.155375	0.057813
1.627089	0.163405	0.061608
1.647090	0.173764	0.065742
1.667089	0.185741	0.070059
1.687090	0.198442	0.074356
1.707089	0.210882	0.078411
1.727090	0.222092	0.081992
1.747089	0.231219	0.084893
1.767090	0.237619	0.086949
1.787189	0.240911	0.088049
1.807190	0.240993	0.088148
1.827189	0.238021	0.087261
1.847190	0.232349	0.085454
1.867189	0.224456	0.082831
1.887190	0.214861	0.079522
1.907189	0.204057	0.075665
1.927190	0.192455	0.071399
1.947189	0.180368	0.066858
1.967190	0.168006	0.062170
1.987289	0.155502	0.057455
2.007290	0.142944	0.052833
2.027289	0.130414	0.048419
2.047290	0.118025	0.044334
2.067289	0.105943	0.040700
2.087290	0.094396	0.037644
2.107289	0.083666	0.035291
2.127290	0.074066	0.033761
2.147289	0.065904	0.033157
2.167290	0.059447	0.033558
2.187389	0.054878	0.035005
2.207390	0.052273	0.037497
2.227389	0.051586	0.040981
2.247390	0.052656	0.045357
2.267389	0.055225	0.050486
2.287390	0.058977	0.056206
2.307389	0.063576	0.062354
2.327390	0.068712	0.068786
2.347389	0.074131	0.075404
2.367390	0.079668	0.082168
2.387489	0.085251	0.089105
2.407490	0.090896	0.096307
2.427489	0.096694	0.103921
2.447490	0.102773	0.112123
2.467489	0.109276	0.121099
2.487490	0.116329	0.131022
2.507489	0.124010	0.142023
2.527490	0.132335	0.154177
2.547489	0.141249	0.167488
2.567490	0.150620	0.181883
2.587590	0.160252	0.197206
2.607590	0.169884	0.213217
2.627589	0.179208	0.229596
2.647590	0.187878	0.245945
2.667589	0.195525	0.261792
2.687590	0.201772	0.276607
2.707589	0.206261	0.289822
2.727590	0.208673	0.300864
2.747589	0.208764	0.309200
2.767590	0.206393	0.314387
2.787690	0.201552	0.316133
2.807689	0.194379	0.314335
2.827690	0.185162	0.309113
2.847689	0.174319	0.300805
2.867690	0.162362	0.289939
2.887690	0.149845	0.277178
2.907689	0.137316	0.263253
2.927690	0.125261	0.248879
2.947689	0.114071	0.234702
2.967690	0.104020	0.221254
2.987790	0.095265	0.208931
3.007789	0.087855	0.198002
3.027790	0.081762	0.188632
3.047789	0.076899	0.180906
3.067790	0.073155	0.174865
3.087789	0.070412	0.170529
3.107790	0.068558	0.167911
3.127790	0.067494	0.167022
3.147789	0.067132	0.167867
3.167790	0.067389	0.170441
3.187890	0.068176	0.174713
3.207889	0.069401	0.180622
3.227890	0.070952	0.188070
3.247889	0.072711	0.196921
3.267890	0.074552	0.207010
3.287889	0.076357	0.218154
3.307890	0.078026	0.230160
3.327889	0.079494	0.242860
3.347890	0.080741	0.256116
3.367889	0.081797	0.269840
3.387990	0.082739	0.284002
3.407989	0.083683	0.298641
3.427990	0.084771	0.313865
3.447989	0.086150	0.329837
3.467990	0.087956	0.346773
3.487989	0.090291	0.364921
3.507990	0.093212	0.384527
3.527989	0.096716	0.405811
3.547990	0.100739	0.428914
3.567989	0.105162	0.453909
3.588090	0.109820	0.480764
3.608089	0.114532	0.509425
3.628090	0.119105	0.539724
3.648089	0.123375	0.571581
3.668090	0.127235	0.605121
3.688089	0.130646	0.640797
3.708090	0.133650	0.679489
3.728089	0.136376	0.722568
3.748090	0.139019	0.771877
3.768089	0.141820	0.829561
3.788190	0.145027	0.897769
3.808189	0.148852	0.978216
3.828190	0.153422	1.071652
3.848189	0.158742	1.177313
3.868190	0.164660	1.292461
3.888189	0.170863	1.412148
3.908190	0.176886	1.529291
3.928189	0.182155	1.635174
3.948190	0.186060	1.720330
3.968189	0.188030	1.775753
3.988290	0.187628	1.794222
4.008290	0.184621	1.771496
4.028289	0.179027	1.707127
4.048289	0.171120	1.604680
4.068290	0.161391	1.471304
4.088290	0.150479	1.316712
4.108289	0.139074	1.151796
4.128289	0.127827	0.987160
4.148290	0.117274	0.831835
4.168290	0.107787	0.692441
4.188389	0.099564	0.572838
4.208390	0.092651	0.474275
4.228390	0.086979	0.395888
4.248390	0.082419	0.335397
4.268389	0.078829	0.289835
4.288389	0.076087	0.256107
4.308390	0.074118	0.231462
4.328390	0.072898	0.213709
4.348389	0.072446	0.201262
4.368389	0.072803	0.193092
4.388490	0.074007	0.188549
4.408489	0.076074	0.187240
4.428489	0.078971	0.188839
4.448490	0.082624	0.193101
4.468490	0.086899	0.199644
4.488490	0.091618	0.208013
4.508489	0.096578	0.217678
4.528489	0.101571	0.228189
4.548490	0.106406	0.239180
4.568490	0.110930	0.250455
4.588589	0.115044	0.262057
4.608590	0.118711	0.274304
4.628590	0.121956	0.287769
4.648589	0.124856	0.303217
4.668589	0.127521	0.321459
4.688590	0.130055	0.343157
4.708590	0.132531	0.368580
4.728590	0.134951	0.397380
4.748589	0.137228	0.428424
4.768589	0.139184	0.459761
4.788690	0.140569	0.488755
4.808689	0.141102	0.512386
4.828689	0.140525	0.527691
4.848690	0.138656	0.532249
4.868690	0.135432	0.524616
4.888689	0.130929	0.504607
4.908689	0.125359	0.473357
4.928690	0.119041	0.433146
4.948690	0.112350	0.387035
4.968689	0.105666	0.338397
4.988789	0.099328	0.290436
5.008790	0.093592	0.245804
5.028790	0.088613	0.206367
5.048789	0.084447	0.173135
5.068789	0.081061	0.146338
5.088790	0.078361	0.125599
5.108790	0.076220	0.110166
5.128789	0.074495	0.099077
5.148789	0.073059	0.091353
5.168790	0.071810	0.086104
5.188890	0.070677	0.082579
5.208889	0.069620	0.080187
5.228889	0.068622	0.078484
5.248890	0.067688	0.077151
5.268890	0.066825	0.075953
5.288889	0.066042	0.074736
5.308890	0.065344	0.073384
5.328890	0.064726	0.071854
5.348890	0.064169	0.070081
5.368889	0.063645	0.068054
5.388990	0.063117	0.065786
5.408990	0.062548	0.063313
5.428990	0.061898	0.060686
5.448989	0.061137	0.057969
5.468990	0.060244	0.055231
5.488990	0.059207	0.052540
5.508990	0.058031	0.049953
5.528989	0.056725	0.047515
5.548990	0.055307	0.045252
5.568990	0.053803	0.043175
5.589090	0.052240	0.041280
5.609089	0.050651	0.039556
5.629090	0.049074	0.037989
5.649090	0.047552	0.036564
5.669090	0.046134	0.035271
5.689089	0.044876	0.034104
5.709090	0.043838	0.033062
5.729090	0.043081	0.032146
5.749090	0.042666	0.031359
5.769089	0.042650	0.030706
5.789190	0.043082	0.030191
5.809190	0.044004	0.029821
5.829190	0.045449	0.029605
5.849189	0.047445	0.029561
5.869190	0.050012	0.029713
5.889190	0.053166	0.030093
5.909190	0.056918	0.030741
5.929189	0.061272	0.031699
5.949190	0.066223	0.033004
5.969190	0.071752	0.034680
5.989289	0.077824	0.036734
6.009290	0.084385	0.039149
6.029290	0.091358	0.041877
6.049290	0.098647	0.044849
6.069290	0.106132	0.047976
6.089289	0.113674	0.051156
6.109290	0.121107	0.054289
6.129290	0.128243	0.057274
6.149290	0.134873	0.060027
6.169289	0.140773	0.062472
6.189390	0.145718	0.064550
6.209390	0.149505	0.066221
6.229389	0.151974	0.067457
6.249390	0.153030	0.068250
6.269390	0.152662	0.068612
6.289390	0.150954	0.068572
6.309389	0.148073	0.068179
6.329390	0.144265	0.067500
6.349390	0.139818	0.066612
6.369390	0.135037	0.065598
6.389489	0.130213	0.064541
6.409490	0.125600	0.063518
6.429490	0.121391	0.062593
6.449490	0.117715	0.061815
6.469489	0.114636	0.061213
6.489490	0.112153	0.060795
6.509490	0.110217	0.060548
6.529490	0.108735	0.060436
6.549489	0.107582	0.060405
6.569490	0.106617	0.060388
6.589590	0.105684	0.060303
6.609590	0.104630	0.060064
6.629589	0.103314	0.059586
6.649590	0.101616	0.058795
6.669590	0.099452	0.057635
6.689590	0.096786	0.056077
6.709589	0.093633	0.054123
6.729590	0.090066	0.051813
6.749590	0.086202	0.049218
6.769590	0.082189	0.046432
6.789689	0.078191	0.043563
6.809690	0.074359	0.040717
6.829690	0.070817	0.037984
6.849690	0.067650	0.035433
6.869689	0.064899	0.033107
6.889690	0.062566	0.031020
6.909690	0.060624	0.029169
6.929690	0.059030	0.027539
6.949689	0.057739	0.026107
6.969690	0.056705	0.024853
6.989790	0.055894	0.023761
7.009790	0.055279	0.022817
7.029789	0.054841	0.022012
7.049790	0.054567	0.021339
7.069790	0.054449	0.020789
7.089790	0.054483	0.020353
7.109789	0.054665	0.020019
7.129790	0.054995	0.019777
7.149790	0.055472	0.019611
7.169790	0.056094	0.019510
7.189889	0.056860	0.019461
7.209890	0.057762	0.019455
7.229890	0.058791	0.019483
7.249890	0.059930	0.019539
7.269889	0.061160	0.019621
7.289890	0.062456	0.019726
7.309890	0.063795	0.019857
7.329890	0.065159	0.020017
7.349889	0.066540	0.020211
7.369890	0.067943	0.020448
7.389990	0.069389	0.020739
7.409990	0.070912	0.021101
7.429989	0.072558	0.021549
7.449990	0.074375	0.022103
7.469990	0.076410	0.022784
7.489990	0.078699	0.023610
7.509989	0.081265	0.024597
7.529990	0.084110	0.025753
7.549990	0.087210	0.027076
7.569990	0.090515	0.028548
7.590090	0.093938	0.030136
7.610090	0.097367	0.031790
7.630090	0.100661	0.033449
7.650089	0.103667	0.035043
7.670090	0.106238	0.036505
7.690090	0.108254	0.037779
7.710090	0.109639	0.038831
7.730090	0.110376	0.039649
7.750089	0.110511	0.040250
7.770090	0.110147	0.040670
7.790190	0.109423	0.040958
7.810189	0.108494	0.041167
7.830190	0.107504	0.041340
7.850190	0.106567	0.041507
7.870190	0.105752	0.041677
7.890189	0.105076	0.041840
7.910190	0.104510	0.041968
7.930190	0.103984	0.042022
7.950190	0.103408	0.041958
7.970190	0.102678	0.041735
7.990290	0.101697	0.041317
8.010290	0.100378	0.040680
8.030290	0.098658	0.039812
8.050289	0.096498	0.038714
8.070290	0.093884	0.037399
8.090290	0.090831	0.035892
8.110290	0.087378	0.034227
8.130289	0.083591	0.032450
8.150290	0.079557	0.030612
8.170290	0.075379	0.028771
8.190390	0.071177	0.026986
8.210389	0.067071	0.025319
8.230390	0.063181	0.023824
8.250390	0.059613	0.022553
8.270390	0.056458	0.021543
8.290389	0.053785	0.020828
8.310390	0.051641	0.020423
8.330390	0.050057	0.020339
8.350390	0.049048	0.020577
8.370389	0.048618	0.021130
8.390490	0.048758	0.021983
8.410490	0.049450	0.023114
8.430490	0.050661	0.024493
8.450489	0.052344	0.026080
8.470490	0.054433	0.027825
8.490490	0.056846	0.029672
8.510490	0.059485	0.031560
8.530489	0.062241	0.033422
8.550490	0.064999	0.035197
8.570490	0.067641	0.036821
8.590590	0.070057	0.038239
8.610589	0.072143	0.039405
8.630590	0.073813	0.040282
8.650590	0.075002	0.040844
8.670590	0.075674	0.041086
8.690589	0.075822	0.041018
8.710590	0.075476	0.040670
8.730590	0.074692	0.040092
8.750590	0.073555	0.039347
8.770589	0.072161	0.038507
8.790690	0.070609	0.037645
8.810690	0.068989	0.036829
8.830690	0.067378	0.036116
8.850689	0.065831	0.035549
8.870690	0.064389	0.035160
8.890690	0.063082	0.034973
8.910690	0.061936	0.035007
8.930689	0.060979	0.035281
8.950690	0.060243	0.035819
8.970690	0.059769	0.036646
8.990789	0.059597	0.037788
9.010790	0.059762	0.039264
9.030790	0.060284	0.041080
9.050790	0.061161	0.043214
9.070790	0.062358	0.045614
9.090789	0.063808	0.048192
9.110790	0.065412	0.050826
9.130790	0.067049	0.053370
9.150790	0.068588	0.055669
9.170789	0.069905	0.057579
9.190890	0.070906	0.058988
9.210890	0.071535	0.059836
9.230889	0.071786	0.060122
9.250890	0.071702	0.059904
9.270890	0.071367	0.059288
9.290890	0.070884	0.058409
9.310890	0.070357	0.057402
9.330889	0.069870	0.056387
9.350890	0.069467	0.055440
9.370890	0.069152	0.054594
9.390989	0.068890	0.053837
9.410990	0.068619	0.053123
9.430990	0.068275	0.052390
9.450990	0.067811	0.051580
9.470989	0.067220	0.050656
9.490990	0.066544	0.049615
9.510990	0.065874	0.048485
9.530990	0.065337	0.047323
9.550990	0.065067	0.046201
9.570989	0.065178	0.045187
9.591090	0.065728	0.044329
9.611090	0.066697	0.043645
9.631089	0.067979	0.043110
9.651090	0.069383	0.042665
9.671090	0.070670	0.042226
9.691090	0.071584	0.041700
9.711089	0.071901	0.041007
9.731090	0.071471	0.040096
9.751090	0.070249	0.038960
9.771090	0.068305	0.037643
9.791189	0.065818	0.036234
9.811190	0.063047	0.034855
9.831190	0.060293	0.033643
9.851190	0.057848	0.032725
9.871189	0.055951	0.032193
9.891190	0.054755	0.032087
9.911190	0.054298	0.032381
9.931190	0.054512	0.032987
9.951189	0.055234	0.033764
9.971190	0.056242	0.034543
9.991290	0.057295	0.035160
10.011290	0.058181	0.035483
10.031289	0.058751	0.035436
10.051290	0.058937	0.035017
10.071290	0.058765	0.034293
10.091290	0.058331	0.033389
10.111289	0.057784	0.032461
10.131290	0.057290	0.031671
10.151290	0.057004	0.031160
10.171290	0.057039	0.031026
10.191389	0.057460	0.031315
10.211390	0.058273	0.032018
10.231390	0.059436	0.033081
10.251390	0.060869	0.034415
10.271389	0.062469	0.035917
10.291390	0.064134	0.037478
10.311390	0.065773	0.039008
10.331390	0.067324	0.040435
10.351389	0.068766	0.041722
10.371390	0.070124	0.042864
10.391490	0.071465	0.043889
10.411490	0.072898	0.044852
10.431489	0.074555	0.045825
10.451490	0.076573	0.046887
10.471490	0.079070	0.048106
10.491490	0.082113	0.049525
10.511489	0.085704	0.051150
10.531490	0.089757	0.052942
10.551490	0.094095	0.054819
10.571490	0.098466	0.056655
10.591590	0.102560	0.058303
10.611590	0.106052	0.059611
10.631590	0.108645	0.060445
10.651590	0.110109	0.060708
10.671589	0.110322	0.060361
10.691590	0.109286	0.059426
10.711590	0.107135	0.057988
10.731590	0.104109	0.056183
10.751589	0.100531	0.054183
10.771590	0.096759	0.052174
10.791690	0.093145	0.050333
10.811689	0.089996	0.048815
10.831690	0.087542	0.047727
10.851690	0.085922	0.047130
10.871690	0.085182	0.047027
10.891690	0.085282	0.047368
10.911689	0.086116	0.048064
10.931690	0.087540	0.048995
10.951690	0.089393	0.050032
10.971690	0.091505	0.051047
10.991790	0.093735	0.051932
11.011790	0.095957	0.052609
11.031790	0.098068	0.053029
11.051789	0.099990	0.053177
11.071790	0.101664	0.053062
11.091790	0.103052	0.052714
11.111790	0.104149	0.052174
11.131790	0.104978	0.051492
11.151789	0.105602	0.050721
11.171790	0.106111	0.049916
11.191890	0.106608	0.049125
11.211889	0.107184	0.048388
11.231890	0.107893	0.047730
11.251890	0.108723	0.047151
11.271890	0.109588	0.046630
11.291889	0.110332	0.046122
11.311890	0.110758	0.045572
11.331890	0.110669	0.044920
11.351890	0.109917	0.044127
11.371889	0.108445	0.043183
11.391990	0.106312	0.042116
11.411990	0.103690	0.040998
11.431990	0.100845	0.039930
11.451989	0.098084	0.039034
11.471990	0.095708	0.038429
11.491990	0.093957	0.038210
11.511990	0.092973	0.038431
11.531989	0.092784	0.039095
11.551990	0.093311	0.040154
11.571990	0.094391	0.041513
11.592090	0.095814	0.043045
11.612089	0.097364	0.044609
11.632090	0.098855	0.046073
11.652090	0.100158	0.047327
11.672090	0.101215	0.048299
11.692089	0.102039	0.048962
11.712090	0.102705	0.049333
11.732090	0.103331	0.049466
11.752090	0.104057	0.049440
11.772089	0.105015	0.049343
11.792190	0.106319	0.049261
11.812190	0.108026	0.049257
11.832190	0.110145	0.049369
11.852189	0.112619	0.049599
11.872190	0.115332	0.049920
11.892190	0.118124	0.050278
11.912190	0.120801	0.050601
11.932189	0.123162	0.050813
11.952190	0.125020	0.050843
11.972190	0.126223	0.050638
11.992290	0.126675	0.050165
12.012289	0.126342	0.049420
12.032290	0.125261	0.048425
12.052290	0.123539	0.047228
12.072290	0.121341	0.045896
12.092289	0.118879	0.044510
12.112290	0.116388	0.043159
12.132290	0.114106	0.041930
12.152290	0.112243	0.040899
12.172289	0.110956	0.040125
12.192390	0.110324	0.039643
12.212390	0.110338	0.039457
12.232390	0.110898	0.039542
12.252389	0.111828	0.039845
12.272390	0.112900	0.040292
12.292390	0.113877	0.040802
12.312390	0.114542	0.041298
12.332389	0.114736	0.041715
12.352390	0.114370	0.042013
12.372390	0.113436	0.042175
12.392489	0.111987	0.042212
12.412490	0.110124	0.042152
12.432490	0.107968	0.042032
12.452490	0.105641	0.041898
12.472490	0.103251	0.041788
12.492489	0.100893	0.041739
12.512490	0.098649	0.041775
12.532490	0.096593	0.041914
12.552490	0.094800	0.042167
12.572489	0.093345	0.042536
12.592590	0.092301	0.043019
12.612590	0.091734	0.043606
12.632589	0.091690	0.044284
12.652590	0.092193	0.045037
12.672590	0.093233	0.045842
12.692590	0.094775	0.046680
12.712589	0.096759	0.047532
12.732590	0.099109	0.048387
12.752590	0.101742	0.049237
12.772590	0.104573	0.050084
12.792689	0.107520	0.050935
12.812690	0.110510	0.051797
12.832690	0.113475	0.052675
12.852690	0.116358	0.053566
12.872689	0.119105	0.054449
12.892690	0.121666	0.055289
12.912690	0.123998	0.056035
12.932690	0.126058	0.056623
12.952689	0.127806	0.056987
12.972690	0.129209	0.057073
12.992790	0.130241	0.056841
13.012790	0.130890	0.056282
13.032789	0.131170	0.055419
13.052790	0.131120	0.054303
13.072790	0.130816	0.053011
13.092790	0.130363	0.051636
13.112789	0.129887	0.050270
13.132790	0.129521	0.049000
13.152790	0.129388	0.047892
13.172790	0.129585	0.046992
13.192889	0.130174	0.046321
13.212890	0.131174	0.045882
13.232890	0.132564	0.045661
13.252890	0.134292	0.045635
13.272889	0.136281	0.045775
13.292890	0.138433	0.046051
13.312890	0.140638	0.046429
13.332890	0.142779	0.046873
13.352889	0.144729	0.047343
13.372889	0.146357	0.047793
13.392989	0.147536	0.048175
13.412990	0.148159	0.048446
13.432990	0.148157	0.048571
13.452990	0.147516	0.048534
13.472990	0.146289	0.048345
13.492990	0.144612	0.048044
13.512989	0.142682	0.047699
13.532989	0.140743	0.047398
13.552989	0.139053	0.047243
13.572990	0.137832	0.047328
13.593090	0.137227	0.047730
13.613090	0.137275	0.048489
13.633090	0.137890	0.049607
13.653090	0.138870	0.051037
13.673089	0.139927	0.052694
13.693089	0.140736	0.054461
13.713089	0.140990	0.056208
13.733090	0.140460	0.057806
13.753090	0.139040	0.059149
13.773090	0.136772	0.060165
13.793190	0.133843	0.060831
13.813190	0.130563	0.061169
13.833189	0.127315	0.061247
13.853189	0.124503	0.061169
13.873189	0.122490	0.061056
13.893190	0.121546	0.061034
13.913190	0.121814	0.061211
13.933190	0.123289	0.061666
13.953190	0.125820	0.062434
13.973190	0.129135	0.063507
13.993289	0.132875	0.064830
14.013289	0.136642	0.066312
14.033290	0.140042	0.067839
14.053290	0.142738	0.069288
14.073290	0.144474	0.070542
14.093290	0.145104	0.071503
14.113290	0.144607	0.072114
14.133290	0.143084	0.072360
14.153289	0.140747	0.072279
14.173289	0.137900	0.071960
14.193390	0.134919	0.071542
14.213390	0.132216	0.071194
14.233390	0.130209	0.071104
14.253390	0.129286	0.071455
14.273390	0.129771	0.072397
14.293389	0.131891	0.074033
14.313389	0.135743	0.076390
14.333389	0.141277	0.079419
14.353389	0.148295	0.082991
14.373390	0.156453	0.086910
14.393490	0.165292	0.090933
14.413490	0.174281	0.094797
14.433490	0.182869	0.098256
14.453489	0.190537	0.101101
14.473489	0.196851	0.103187
14.493489	0.201492	0.104441
14.513490	0.204274	0.104857
14.533490	0.205138	0.104485
14.553490	0.204131	0.103411
14.573490	0.201388	0.101739
14.593590	0.197101	0.099574
14.613589	0.191507	0.097015
14.633589	0.184868	0.094152
14.653589	0.177465	0.091069
14.673590	0.169587	0.087845
14.693590	0.161517	0.084550
14.713590	0.153519	0.081250
14.733590	0.145812	0.077993
14.753590	0.138560	0.074809
14.773589	0.131863	0.071709
14.793689	0.125759	0.068688
14.813689	0.120235	0.065734
14.833690	0.115255	0.062845
14.853690	0.110779	0.060030
14.873690	0.106787	0.057328
14.893690	0.103293	0.054804
14.913690	0.100342	0.052540
14.933689	0.098002	0.050627
14.953689	0.096349	0.049149
14.973689	0.095445	0.048173
14.993790	0.095321	0.047735
15.013790	0.095963	0.047834
15.033790	0.097304	0.048429
15.053790	0.099230	0.049445
15.073790	0.101582	0.050774
15.093789	0.104172	0.052284
15.113789	0.106792	0.053832
15.133789	0.109237	0.055268
15.153790	0.111314	0.056455
15.173790	0.112865	0.057276
15.193890	0.113781	0.057650
15.213890	0.114015	0.057539
15.233890	0.113597	0.056961
15.253889	0.112623	0.055982
15.273889	0.111274	0.054724
15.293889	0.109789	0.053346
15.313890	0.108449	0.052033
15.333890	0.107560	0.050981
15.353890	0.107425	0.050377
15.373890	0.108319	0.050386
15.393989	0.110467	0.051138
15.413989	0.114023	0.052714
15.433989	0.119050	0.055147
15.453989	0.125496	0.058400
15.473990	0.133188	0.062378
15.493990	0.141819	0.066921
15.513990	0.150960	0.071810
15.533990	0.160080	0.076788
15.553990	0.168602	0.081577
15.573989	0.175954	0.085910
15.594089	0.181647	0.089562
15.614090	0.185333	0.092378
15.634090	0.186857	0.094292
15.654090	0.186264	0.095322
15.674090	0.183783	0.095564
15.694090	0.179776	0.095157
15.714090	0.174677	0.094256
15.734089	0.168923	0.093001
15.754089	0.162908	0.091493
15.774089	0.156948	0.089796
15.794190	0.151280	0.087939
15.814190	0.146074	0.085942
15.834190	0.141454	0.083842
15.854190	0.137528	0.081711
15.874189	0.134380	0.079666
15.894189	0.132100	0.077871
15.914189	0.130758	0.076516
15.934190	0.130402	0.075800
15.954190	0.131048	0.075901
15.974190	0.132672	0.076952
15.994290	0.135216	0.079030
16.014290	0.138599	0.082146
16.034289	0.142721	0.086246
16.054289	0.147479	0.091219
16.074289	0.152767	0.096904
16.094290	0.158465	0.103103
16.114290	0.164439	0.109587
16.134290	0.170512	0.116099
16.154290	0.176459	0.122363
16.174290	0.181990	0.128086
16.194389	0.186766	0.132968
16.214389	0.190416	0.136719
16.234389	0.192585	0.139085
16.254390	0.192980	0.139869
16.274390	0.191426	0.138971
16.294390	0.187901	0.136391
16.314390	0.182553	0.132255
16.334390	0.175689	0.126801
16.354389	0.167739	0.120356
16.374389	0.159196	0.113302
16.394489	0.150548	0.106033
16.414490	0.142218	0.098909
16.434490	0.134515	0.092225
16.454490	0.127617	0.086189
16.474490	0.121576	0.080916
16.494490	0.116343	0.076435
16.514489	0.111810	0.072717
16.534489	0.107857	0.069688
16.554489	0.104384	0.067265
16.574490	0.101337	0.065367
16.594590	0.098720	0.063940
16.614590	0.096589	0.062956
16.634590	0.095037	0.062420
16.654590	0.094182	0.062362
16.674589	0.094142	0.062828
16.694589	0.095025	0.063870
16.714589	0.096907	0.065524
16.734590	0.099828	0.067810
16.754590	0.103779	0.070710
16.774590	0.108703	0.074174
16.794690	0.114493	0.078113
16.814690	0.121006	0.082415
16.834689	0.128068	0.086953
16.854689	0.135500	0.091603
16.874689	0.143129	0.096253
16.894690	0.150801	0.100815
16.914690	0.158386	0.105223
16.934690	0.165773	0.109425
16.954690	0.172863	0.113382
16.974690	0.179555	0.117050
16.994789	0.185744	0.120381
17.014789	0.191321	0.123320
17.034789	0.196181	0.125816
17.054790	0.200240	0.127826
17.074790	0.203460	0.129335
17.094790	0.205857	0.130363
17.114790	0.207499	0.130963
17.134790	0.208508	0.131216
17.154789	0.209037	0.131221
17.174789	0.209240	0.131079
17.194890	0.209257	0.130875
17.214890	0.209191	0.130671
17.234890	0.209110	0.130504
17.254890	0.209047	0.130391
17.274890	0.209014	0.130335
