Energy(eV)	C_p_DOS	Pt_d_DOS
-22.821014	0.000000	0.000000
-22.801014	0.000000	0.000000
-22.781014	0.000000	0.000000
-22.761014	0.000000	0.000000
-22.741014	0.000000	0.000000
-22.720914	0.000000	0.000000
-22.700914	0.000000	0.000000
-22.680914	0.000000	0.000000
-22.660914	0.000000	0.000000
-22.640914	0.000000	0.000000
-22.620914	0.000000	0.000000
-22.600914	0.000000	0.000000
-22.580914	0.000000	0.000000
-22.560914	0.000000	0.000000
-22.540914	0.000000	0.000000
-22.520814	0.000000	0.000000
-22.500814	0.000000	0.000000
-22.480814	0.000000	0.000000
-22.460814	0.000000	0.000000
-22.440814	0.000000	0.000000
-22.420814	0.000000	0.000000
-22.400814	0.000000	0.000000
-22.380814	0.000000	0.000000
-22.360814	0.000000	0.000000
-22.340814	0.000000	0.000000
-22.320714	0.000000	0.000000
-22.300714	0.000000	0.000000
-22.280714	0.000000	0.000000
-22.260714	0.000000	0.000000
-22.240714	0.000000	0.000000
-22.220714	0.000000	0.000000
-22.200714	0.000000	0.000000
-22.180714	0.000000	0.000000
-22.160714	0.000000	0.000000
-22.140714	0.000000	0.000000
-22.120614	0.000000	0.000000
-22.100614	0.000000	0.000000
-22.080614	0.000000	0.000000
-22.060614	0.000000	0.000000
-22.040614	0.000000	0.000000
-22.020614	0.000000	0.000000
-22.000614	0.000000	0.000000
-21.980614	0.000000	0.000000
-21.960614	0.000000	0.000000
-21.940614	0.000000	0.000000
-21.920514	0.000000	0.000000
-21.900514	0.000000	0.000000
-21.880514	0.000000	0.000000
-21.860514	0.000000	0.000000
-21.840514	0.000000	0.000000
-21.820514	0.000000	0.000000
-21.800514	0.000000	0.000000
-21.780514	0.000000	0.000000
-21.760514	0.000000	0.000000
-21.740514	0.000000	0.000000
-21.720414	0.000000	0.000000
-21.700414	0.000000	0.000000
-21.680414	0.000000	0.000000
-21.660414	0.000000	0.000000
-21.640414	0.000000	0.000000
-21.620414	0.000000	0.000000
-21.600414	0.000000	0.000000
-21.580414	0.000000	0.000000
-21.560414	0.000000	0.000000
-21.540414	0.000000	0.000000
-21.520314	0.000000	0.000000
-21.500314	0.000000	0.000000
-21.480314	0.000000	0.000000
-21.460314	0.000000	0.000000
-21.440314	0.000000	0.000000
-21.420314	0.000000	0.000000
-21.400314	0.000000	0.000000
-21.380314	0.000000	0.000000
-21.360314	0.000000	0.000000
-21.340314	0.000000	0.000000
-21.320214	0.000000	0.000000
-21.300214	0.000000	0.000000
-21.280214	0.000000	0.000000
-21.260214	0.000000	0.000000
-21.240214	0.000000	0.000000
-21.220214	0.000000	0.000000
-21.200214	0.000000	0.000000
-21.180214	0.000000	0.000000
-21.160214	0.000000	0.000000
-21.140214	0.000000	0.000000
-21.120114	0.000000	0.000000
-21.100114	0.000000	0.000000
-21.080114	0.000000	0.000000
-21.060114	0.000000	0.000000
-21.040114	0.000000	0.000000
-21.020114	0.000000	0.000000
-21.000114	0.000000	0.000000
-20.980114	0.000000	0.000000
-20.960114	0.000000	0.000000
-20.940114	0.000000	0.000000
-20.920014	0.000000	0.000000
-20.900014	0.000000	0.000000
-20.880014	0.000000	0.000000
-20.860014	0.000000	0.000000
-20.840014	0.000000	0.000000
-20.820014	0.000000	0.000000
-20.800014	0.000000	0.000000
-20.780014	0.000000	0.000000
-20.760014	0.000000	0.000000
-20.740014	0.000000	0.000000
-20.719914	0.000000	0.000000
-20.699914	0.000000	0.000000
-20.679914	0.000000	0.000000
-20.659914	0.000000	0.000000
-20.639914	0.000000	0.000000
-20.619914	0.000000	0.000000
-20.599914	0.000000	0.000000
-20.579914	0.000000	0.000000
-20.559914	0.000000	0.000000
-20.539914	0.000000	0.000000
-20.519814	0.000000	0.000000
-20.499814	0.000000	0.000000
-20.479814	0.000000	0.000000
-20.459814	0.000000	0.000000
-20.439814	0.000000	0.000000
-20.419814	0.000000	0.000000
-20.399814	0.000000	0.000000
-20.379814	0.000000	0.000000
-20.359814	0.000000	0.000000
-20.339814	0.000000	0.000000
-20.319714	0.000000	0.000000
-20.299714	0.000000	0.000000
-20.279714	0.000000	0.000000
-20.259714	0.000000	0.000000
-20.239714	0.000000	0.000000
-20.219714	0.000000	0.000000
-20.199714	0.000000	0.000000
-20.179714	0.000000	0.000000
-20.159714	0.000000	0.000000
-20.139714	0.000000	0.000000
-20.119614	0.000000	0.000000
-20.099614	0.000000	0.000000
-20.079614	0.000000	0.000000
-20.059614	0.000000	0.000000
-20.039614	0.000000	0.000000
-20.019614	0.000000	0.000000
-19.999614	0.000000	0.000000
-19.979614	0.000000	0.000000
-19.959614	0.000000	0.000000
-19.939614	0.000000	0.000000
-19.919514	0.000000	0.000000
-19.899514	0.000000	0.000000
-19.879514	0.000000	0.000000
-19.859514	0.000000	0.000000
-19.839514	0.000000	0.000000
-19.819514	0.000000	0.000000
-19.799514	0.000000	0.000000
-19.779514	0.000000	0.000000
-19.759514	0.000000	0.000000
-19.739514	0.000000	0.000000
-19.719414	0.000000	0.000000
-19.699414	0.000000	0.000000
-19.679414	0.000000	0.000000
-19.659414	0.000000	0.000000
-19.639414	0.000000	0.000000
-19.619414	0.000000	0.000000
-19.599414	0.000000	0.000000
-19.579414	0.000000	0.000000
-19.559414	0.000000	0.000000
-19.539414	0.000000	0.000000
-19.519314	0.000000	0.000000
-19.499314	0.000000	0.000000
-19.479314	0.000000	0.000000
-19.459314	0.000000	0.000000
-19.439314	0.000000	0.000000
-19.419314	0.000000	0.000000
-19.399314	0.000000	0.000000
-19.379314	0.000000	0.000000
-19.359314	0.000000	0.000000
-19.339314	0.000000	0.000000
-19.319214	0.000000	0.000000
-19.299214	0.000000	0.000000
-19.279214	0.000000	0.000000
-19.259214	0.000000	0.000000
-19.239214	0.000000	0.000000
-19.219214	0.000000	0.000000
-19.199214	0.000000	0.000000
-19.179214	0.000000	0.000000
-19.159214	0.000000	0.000000
-19.139214	0.000000	0.000000
-19.119114	0.000000	0.000000
-19.099114	0.000000	0.000000
-19.079114	0.000000	0.000000
-19.059114	0.000000	0.000000
-19.039114	0.000000	0.000000
-19.019114	0.000000	0.000000
-18.999114	0.000000	0.000000
-18.979114	0.000000	0.000000
-18.959114	0.000000	0.000000
-18.939114	0.000000	0.000000
-18.919014	0.000000	0.000000
-18.899014	0.000000	0.000000
-18.879014	0.000000	0.000000
-18.859014	0.000000	0.000000
-18.839014	0.000000	0.000000
-18.819014	0.000000	0.000000
-18.799014	0.000000	0.000000
-18.779014	0.000000	0.000000
-18.759014	0.000000	0.000000
-18.739014	0.000000	0.000000
-18.718914	0.000000	0.000000
-18.698914	0.000000	0.000000
-18.678914	0.000000	0.000000
-18.658914	0.000000	0.000000
-18.638914	0.000000	0.000000
-18.618914	0.000000	0.000000
-18.598914	0.000000	0.000000
-18.578914	0.000000	0.000000
-18.558914	0.000000	0.000000
-18.538914	0.000000	0.000000
-18.518814	0.000000	0.000000
-18.498814	0.000000	0.000000
-18.478814	0.000000	0.000000
-18.458814	0.000000	0.000000
-18.438814	0.000000	0.000000
-18.418814	0.000000	0.000000
-18.398814	0.000000	0.000000
-18.378814	0.000000	0.000000
-18.358814	0.000000	0.000000
-18.338814	0.000000	0.000000
-18.318714	0.000000	0.000000
-18.298714	0.000000	0.000000
-18.278714	0.000000	0.000000
-18.258714	0.000000	0.000000
-18.238714	0.000000	0.000000
-18.218714	0.000000	0.000000
-18.198714	0.000000	0.000000
-18.178714	0.000000	0.000000
-18.158714	0.000000	0.000000
-18.138714	0.000000	0.000000
-18.118614	0.000000	0.000000
-18.098614	0.000000	0.000000
-18.078614	0.000000	0.000000
-18.058614	0.000000	0.000000
-18.038614	0.000000	0.000000
-18.018614	0.000000	0.000000
-17.998614	0.000000	0.000000
-17.978614	0.000000	0.000000
-17.958614	0.000000	0.000000
-17.938614	0.000000	0.000000
-17.918514	0.000000	0.000000
-17.898514	0.000000	0.000000
-17.878514	0.000000	0.000000
-17.858514	0.000000	0.000000
-17.838514	0.000000	0.000000
-17.818514	0.000000	0.000000
-17.798514	0.000000	0.000000
-17.778514	0.000000	0.000000
-17.758514	0.000000	0.000000
-17.738514	0.000000	0.000000
-17.718414	0.000000	0.000000
-17.698414	0.000000	0.000000
-17.678414	0.000000	0.000000
-17.658414	0.000000	0.000000
-17.638414	0.000000	0.000000
-17.618414	0.000000	0.000000
-17.598414	0.000000	0.000000
-17.578414	0.000000	0.000000
-17.558414	0.000000	0.000000
-17.538414	0.000000	0.000000
-17.518314	0.000000	0.000000
-17.498314	0.000000	0.000000
-17.478314	0.000000	0.000000
-17.458314	0.000000	0.000000
-17.438314	0.000000	0.000000
-17.418314	0.000000	0.000000
-17.398314	0.000000	0.000000
-17.378314	0.000000	0.000000
-17.358314	0.000000	0.000000
-17.338314	0.000000	0.000000
-17.318214	0.000000	0.000000
-17.298214	0.000000	0.000000
-17.278214	0.000000	0.000000
-17.258214	0.000000	0.000000
-17.238214	0.000000	0.000000
-17.218214	0.000000	0.000000
-17.198214	0.000000	0.000000
-17.178214	0.000000	0.000000
-17.158214	0.000000	0.000000
-17.138214	0.000000	0.000000
-17.118114	0.000000	0.000000
-17.098114	0.000000	0.000000
-17.078114	0.000000	0.000000
-17.058114	0.000000	0.000000
-17.038114	0.000000	0.000000
-17.018114	0.000000	0.000000
-16.998114	0.000000	0.000000
-16.978114	0.000000	0.000000
-16.958114	0.000000	0.000000
-16.938114	0.000000	0.000000
-16.918014	0.000000	0.000000
-16.898014	0.000000	0.000000
-16.878014	0.000000	0.000000
-16.858014	0.000000	0.000000
-16.838014	0.000000	0.000000
-16.818014	0.000000	0.000000
-16.798014	0.000000	0.000000
-16.778014	0.000000	0.000000
-16.758014	0.000000	0.000000
-16.738014	0.000000	0.000000
-16.717914	0.000000	0.000000
-16.697914	0.000000	0.000000
-16.677914	0.000000	0.000000
-16.657914	0.000000	0.000000
-16.637914	0.000000	0.000000
-16.617914	0.000000	0.000000
-16.597914	0.000000	0.000000
-16.577914	0.000000	0.000000
-16.557914	0.000000	0.000000
-16.537914	0.000000	0.000000
-16.517814	0.000000	0.000000
-16.497814	0.000000	0.000000
-16.477814	0.000000	0.000000
-16.457814	0.000000	0.000000
-16.437814	0.000000	0.000000
-16.417814	0.000000	0.000000
-16.397814	0.000000	0.000000
-16.377814	0.000000	0.000000
-16.357814	0.000000	0.000000
-16.337814	0.000000	0.000000
-16.317714	0.000000	0.000000
-16.297714	0.000000	0.000000
-16.277714	0.000000	0.000000
-16.257714	0.000000	0.000000
-16.237714	0.000000	0.000000
-16.217714	0.000000	0.000000
-16.197714	0.000000	0.000000
-16.177714	0.000000	0.000000
-16.157714	0.000000	0.000000
-16.137714	0.000000	0.000000
-16.117614	0.000000	0.000000
-16.097614	0.000000	0.000000
-16.077614	0.000000	0.000000
-16.057614	0.000000	0.000000
-16.037614	0.000000	0.000000
-16.017614	0.000000	0.000000
-15.997614	0.000000	0.000000
-15.977614	0.000000	0.000000
-15.957614	0.000000	0.000000
-15.937614	0.000000	0.000000
-15.917514	0.000000	0.000000
-15.897514	0.000000	0.000000
-15.877514	0.000000	0.000000
-15.857514	0.000000	0.000000
-15.837514	0.000000	0.000000
-15.817514	0.000000	0.000000
-15.797514	0.000000	0.000000
-15.777514	0.000000	0.000000
-15.757514	0.000000	0.000000
-15.737514	0.000000	0.000000
-15.717414	0.000000	0.000000
-15.697414	0.000000	0.000000
-15.677414	0.000000	0.000000
-15.657414	0.000000	0.000000
-15.637414	0.000000	0.000000
-15.617414	0.000000	0.000000
-15.597414	0.000000	0.000000
-15.577414	0.000000	0.000000
-15.557414	0.000000	0.000000
-15.537414	0.000000	0.000000
-15.517314	0.000000	0.000000
-15.497314	0.000000	0.000000
-15.477314	0.000000	0.000000
-15.457314	0.000000	0.000000
-15.437314	0.000000	0.000000
-15.417314	0.000000	0.000000
-15.397314	0.000000	0.000000
-15.377314	0.000000	0.000000
-15.357314	0.000000	0.000000
-15.337314	0.000000	0.000000
-15.317214	0.000000	0.000000
-15.297214	0.000000	0.000000
-15.277214	0.000000	0.000000
-15.257214	0.000000	0.000000
-15.237214	0.000000	0.000000
-15.217214	0.000000	0.000000
-15.197214	0.000000	0.000000
-15.177214	0.000000	0.000000
-15.157214	0.000000	0.000000
-15.137214	0.000000	0.000000
-15.117114	0.000000	0.000000
-15.097114	0.000000	0.000000
-15.077114	0.000000	0.000000
-15.057114	0.000000	0.000000
-15.037114	0.000000	0.000000
-15.017114	0.000000	0.000000
-14.997114	0.000000	0.000000
-14.977114	0.000000	0.000000
-14.957114	0.000000	0.000000
-14.937114	0.000000	0.000000
-14.917014	0.000000	0.000000
-14.897014	0.000000	0.000000
-14.877014	0.000000	0.000000
-14.857014	0.000000	0.000000
-14.837014	0.000000	0.000000
-14.817014	0.000000	0.000000
-14.797014	0.000000	0.000000
-14.777014	0.000000	0.000000
-14.757014	0.000000	0.000000
-14.737014	0.000000	0.000000
-14.716914	0.000000	0.000000
-14.696914	0.000000	0.000000
-14.676914	0.000000	0.000000
-14.656914	0.000000	0.000000
-14.636914	0.000000	0.000000
-14.616914	0.000000	0.000000
-14.596914	0.000000	0.000000
-14.576914	0.000000	0.000000
-14.556914	0.000000	0.000000
-14.536914	0.000000	0.000000
-14.516814	0.000000	0.000000
-14.496814	0.000000	0.000000
-14.476814	0.000000	0.000000
-14.456814	0.000000	0.000000
-14.436814	0.000000	0.000000
-14.416814	0.000000	0.000000
-14.396814	0.000000	0.000000
-14.376814	0.000000	0.000000
-14.356814	0.000000	0.000000
-14.336814	0.000000	0.000000
-14.316714	0.000000	0.000000
-14.296714	0.000000	0.000000
-14.276714	0.000000	0.000000
-14.256714	0.000000	0.000000
-14.236714	0.000000	0.000000
-14.216714	0.000000	0.000000
-14.196714	0.000000	0.000000
-14.176714	0.000000	0.000000
-14.156714	0.000000	0.000000
-14.136714	0.000000	0.000000
-14.116614	0.000000	0.000000
-14.096614	0.000000	0.000000
-14.076614	0.000000	0.000000
-14.056614	0.000000	0.000000
-14.036614	0.000000	0.000000
-14.016614	0.000000	0.000000
-13.996614	0.000000	0.000000
-13.976614	0.000000	0.000000
-13.956614	0.000000	0.000000
-13.936614	0.000000	0.000000
-13.916514	0.000000	0.000000
-13.896514	0.000000	0.000000
-13.876514	0.000000	0.000000
-13.856514	0.000000	0.000000
-13.836514	0.000000	0.000000
-13.816514	0.000000	0.000000
-13.796514	0.000000	0.000000
-13.776514	0.000000	0.000000
-13.756514	0.000000	0.000000
-13.736514	0.000000	0.000000
-13.716414	0.000000	0.000000
-13.696414	0.000000	0.000000
-13.676414	0.000000	0.000000
-13.656414	0.000000	0.000000
-13.636414	0.000000	0.000000
-13.616414	0.000000	0.000000
-13.596414	0.000000	0.000000
-13.576414	0.000000	0.000000
-13.556414	0.000000	0.000000
-13.536414	0.000000	0.000000
-13.516314	0.000000	0.000000
-13.496314	0.000000	0.000000
-13.476314	0.000000	0.000000
-13.456314	0.000000	0.000000
-13.436314	0.000000	0.000000
-13.416314	0.000000	0.000000
-13.396314	0.000000	0.000000
-13.376314	0.000000	0.000000
-13.356314	0.000000	0.000000
-13.336314	0.000000	0.000000
-13.316214	0.000000	0.000000
-13.296214	0.000000	0.000000
-13.276214	0.000000	0.000000
-13.256214	0.000000	0.000000
-13.236214	0.000000	0.000000
-13.216214	0.000000	0.000000
-13.196214	0.000000	0.000000
-13.176214	0.000000	0.000000
-13.156214	0.000000	0.000000
-13.136214	0.000000	0.000000
-13.116114	0.000000	0.000000
-13.096114	0.000000	0.000000
-13.076114	0.000000	0.000000
-13.056114	0.000000	0.000000
-13.036114	0.000000	0.000000
-13.016114	0.000000	0.000000
-12.996114	0.000000	0.000000
-12.976114	0.000000	0.000000
-12.956114	0.000000	0.000000
-12.936114	0.000000	0.000000
-12.916014	0.000000	0.000000
-12.896014	0.000000	0.000000
-12.876014	0.000000	0.000000
-12.856014	0.000000	0.000000
-12.836014	0.000000	0.000000
-12.816014	0.000000	0.000000
-12.796014	0.000000	0.000000
-12.776014	0.000000	0.000000
-12.756014	0.000000	0.000000
-12.736014	0.000000	0.000000
-12.715914	0.000000	0.000000
-12.695914	0.000000	0.000000
-12.675914	0.000000	0.000000
-12.655914	0.000000	0.000000
-12.635914	0.000000	0.000000
-12.615914	0.000000	0.000000
-12.595914	0.000000	0.000000
-12.575914	0.000000	0.000000
-12.555914	0.000000	0.000000
-12.535914	0.000000	0.000000
-12.515814	0.000000	0.000000
-12.495814	0.000000	0.000000
-12.475814	0.000000	0.000000
-12.455814	0.000000	0.000000
-12.435814	0.000000	0.000000
-12.415814	0.000000	0.000000
-12.395814	0.000000	0.000000
-12.375814	0.000000	0.000000
-12.355814	0.000000	0.000000
-12.335814	0.000000	0.000000
-12.315714	0.000000	0.000000
-12.295714	0.000000	0.000000
-12.275714	0.000000	0.000000
-12.255714	0.000000	0.000000
-12.235714	0.000000	0.000000
-12.215714	0.000000	0.000000
-12.195714	0.000000	0.000000
-12.175714	0.000000	0.000000
-12.155714	0.000000	0.000000
-12.135714	0.000000	0.000000
-12.115614	0.000000	0.000000
-12.095614	0.000000	0.000000
-12.075614	0.000000	0.000000
-12.055614	0.000000	0.000000
-12.035614	0.000000	0.000000
-12.015614	0.000000	0.000000
-11.995614	0.000000	0.000000
-11.975614	0.000000	0.000000
-11.955614	0.000000	0.000000
-11.935614	0.000000	0.000000
-11.915514	0.000044	0.000146
-11.895514	0.000119	0.000390
-11.875514	0.000251	0.000825
-11.855514	0.000509	0.001675
-11.835514	0.000993	0.003269
-11.815514	0.001863	0.006130
-11.795514	0.003359	0.011046
-11.775514	0.005818	0.019131
-11.755514	0.009684	0.031841
-11.735514	0.015492	0.050929
-11.715414	0.023818	0.078285
-11.695414	0.035192	0.115647
-11.675414	0.049971	0.164183
-11.655414	0.068192	0.224010
-11.635414	0.089434	0.293732
-11.615414	0.112725	0.370156
-11.595414	0.136550	0.448301
-11.575414	0.158970	0.521805
-11.555414	0.177868	0.583717
-11.535414	0.191267	0.627559
-11.515314	0.197672	0.648437
-11.495314	0.196342	0.643937
-11.475314	0.187433	0.614588
-11.455314	0.171969	0.563756
-11.435314	0.151643	0.497013
-11.415314	0.128519	0.421129
-11.395314	0.104685	0.342953
-11.375314	0.081955	0.268429
-11.355314	0.061666	0.201929
-11.335314	0.044596	0.145997
-11.315214	0.030997	0.101454
-11.295214	0.020708	0.067760
-11.275214	0.013296	0.043497
-11.255214	0.008205	0.026837
-11.235214	0.004867	0.015914
-11.215214	0.002774	0.009070
-11.195214	0.001520	0.004969
-11.175214	0.000801	0.002616
-11.155214	0.000405	0.001324
-11.135214	0.000197	0.000644
-11.115114	0.000092	0.000301
-11.095114	0.000022	0.000071
-11.075114	0.000000	0.000000
-11.055114	0.000000	0.000000
-11.035114	0.000000	0.000000
-11.015114	0.000000	0.000000
-10.995114	0.000000	0.000000
-10.975114	0.000000	0.000000
-10.955114	0.000000	0.000000
-10.935114	0.000000	0.000000
-10.915014	0.000000	0.000000
-10.895014	0.000000	0.000000
-10.875014	0.000000	0.000000
-10.855014	0.000000	0.000000
-10.835014	0.000000	0.000000
-10.815014	0.000000	0.000000
-10.795014	0.000000	0.000000
-10.775014	0.000000	0.000000
-10.755014	0.000000	0.000000
-10.735014	0.000000	0.000000
-10.714914	0.000000	0.000000
-10.694914	0.000000	0.000000
-10.674914	0.000000	0.000000
-10.654914	0.000000	0.000000
-10.634914	0.000000	0.000000
-10.614914	0.000000	0.000000
-10.594914	0.000000	0.000000
-10.574914	0.000000	0.000000
-10.554914	0.000000	0.000000
-10.534914	0.000000	0.000000
-10.514814	0.000000	0.000000
-10.494814	0.000000	0.000000
-10.474814	0.000000	0.000000
-10.454814	0.000000	0.000000
-10.434814	0.000000	0.000000
-10.414814	0.000000	0.000000
-10.394814	0.000000	0.000000
-10.374814	0.000000	0.000000
-10.354814	0.000000	0.000000
-10.334814	0.000000	0.000000
-10.314714	0.000000	0.000000
-10.294714	0.000000	0.000000
-10.274714	0.000000	0.000000
-10.254714	0.000000	0.000000
-10.234714	0.000000	0.000000
-10.214714	0.000000	0.000000
-10.194714	0.000000	0.000000
-10.174714	0.000000	0.000000
-10.154714	0.000000	0.000000
-10.134714	0.000000	0.000000
-10.114614	0.000000	0.000000
-10.094614	0.000000	0.000000
-10.074614	0.000000	0.000000
-10.054614	0.000000	0.000000
-10.034614	0.000000	0.000000
-10.014614	0.000000	0.000000
-9.994614	0.000000	0.000000
-9.974614	0.000000	0.000000
-9.954614	0.000000	0.000000
-9.934614	0.000000	0.000000
-9.914514	0.000000	0.000000
-9.894514	0.000000	0.000000
-9.874514	0.000000	0.000000
-9.854514	0.000000	0.000000
-9.834514	0.000000	0.000000
-9.814514	0.000000	0.000000
-9.794514	0.000000	0.000000
-9.774514	0.000000	0.000000
-9.754514	0.000000	0.000000
-9.734514	0.000000	0.000000
-9.714414	0.000000	0.000000
-9.694414	0.000000	0.000000
-9.674414	0.000000	0.000000
-9.654414	0.000000	0.000000
-9.634414	0.000000	0.000000
-9.614414	0.000000	0.000000
-9.594414	0.000000	0.000001
-9.574414	0.000001	0.000001
-9.554414	0.000002	0.000003
-9.534414	0.000003	0.000005
-9.514314	0.000005	0.000008
-9.494314	0.000009	0.000014
-9.474314	0.000015	0.000023
-9.454314	0.000024	0.000037
-9.434314	0.000037	0.000057
-9.414314	0.000055	0.000086
-9.394314	0.000080	0.000126
-9.374314	0.000112	0.000181
-9.354314	0.000154	0.000254
-9.334314	0.000205	0.000351
-9.314214	0.000267	0.000478
-9.294214	0.000340	0.000645
-9.274214	0.000426	0.000893
-9.254214	0.000522	0.001230
-9.234214	0.000631	0.001717
-9.214214	0.000756	0.002435
-9.194214	0.000899	0.003510
-9.174214	0.001074	0.005185
-9.154214	0.001291	0.007709
-9.134214	0.001575	0.011516
-9.114114	0.001959	0.017201
-9.094114	0.002490	0.025550
-9.074114	0.003227	0.037560
-9.054114	0.004246	0.054425
-9.034114	0.005628	0.077484
-9.014114	0.007462	0.108109
-8.994114	0.009828	0.147536
-8.974114	0.012787	0.196651
-8.954114	0.016363	0.255734
-8.934114	0.020532	0.324218
-8.914014	0.025205	0.400489
-8.894014	0.030225	0.481804
-8.874014	0.035367	0.564355
-8.854014	0.040357	0.643522
-8.834014	0.044891	0.714296
-8.814014	0.048671	0.771848
-8.794014	0.051445	0.812140
-8.774014	0.053038	0.832485
-8.754014	0.053379	0.831932
-8.734014	0.052508	0.811402
-8.713914	0.050571	0.773529
-8.693914	0.047797	0.722251
-8.673914	0.044458	0.662223
-8.653914	0.040837	0.598174
-8.633914	0.037190	0.534345
-8.613914	0.033720	0.474074
-8.593914	0.030566	0.419604
-8.573914	0.027802	0.372083
-8.553914	0.025445	0.331724
-8.533914	0.023472	0.298056
-8.513814	0.021834	0.270193
-8.493814	0.020473	0.247085
-8.473814	0.019329	0.227694
-8.453814	0.018354	0.211108
-8.433814	0.017535	0.197251
-8.413814	0.016853	0.185770
-8.393814	0.016304	0.176551
-8.373814	0.015929	0.170632
-8.353814	0.015804	0.169790
-8.333814	0.016054	0.177022
-8.313714	0.016864	0.196837
-8.293714	0.018496	0.235741
-8.273714	0.021304	0.302435
-8.253714	0.025723	0.407654
-8.233714	0.032242	0.563393
-8.213714	0.041341	0.781346
-8.193714	0.053396	1.070524
-8.173714	0.068558	1.434273
-8.153714	0.086629	1.867251
-8.133714	0.106961	2.353151
-8.113614	0.128430	2.864061
-8.093614	0.149493	3.362145
-8.073614	0.168360	3.803831
-8.053614	0.183240	4.146015
-8.033614	0.192637	4.353093
-8.013614	0.195607	4.403248
-7.993614	0.191935	4.292432
-7.973614	0.182169	4.035039
-7.953614	0.167512	3.661084
-7.933614	0.149605	3.210650
-7.913514	0.130238	2.727007
-7.893514	0.111081	2.250013
-7.873514	0.093470	1.811151
-7.853514	0.078295	1.430942
-7.833514	0.065985	1.118767
-7.813514	0.056569	0.874578
-7.793514	0.049784	0.691662
-7.773514	0.045196	0.559614
-7.753514	0.042304	0.466899
-7.733514	0.040613	0.402677
-7.713414	0.039685	0.357822
-7.693414	0.039158	0.325282
-7.673414	0.038751	0.299997
-7.653414	0.038261	0.278573
-7.633414	0.037560	0.258907
-7.613414	0.036575	0.239560
-7.593414	0.035315	0.220392
-7.573414	0.033833	0.201496
-7.553414	0.032200	0.182677
-7.533414	0.030523	0.164243
-7.513314	0.028927	0.146646
-7.493314	0.027532	0.130317
-7.473314	0.026449	0.115625
-7.453314	0.025761	0.102844
-7.433314	0.025526	0.092134
-7.413314	0.025775	0.083534
-7.393314	0.026509	0.076975
-7.373314	0.027710	0.072293
-7.353314	0.029342	0.069258
-7.333314	0.031361	0.067599
-7.313214	0.033713	0.067028
-7.293214	0.036343	0.067262
-7.273214	0.039193	0.068044
-7.253214	0.042199	0.069147
-7.233214	0.045294	0.070384
-7.213214	0.048396	0.071604
-7.193214	0.051413	0.072685
-7.173214	0.054238	0.073528
-7.153214	0.056751	0.074049
-7.133214	0.058831	0.074174
-7.113114	0.060363	0.073836
-7.093114	0.061250	0.072987
-7.073114	0.061434	0.071592
-7.053114	0.060900	0.069647
-7.033114	0.059684	0.067175
-7.013114	0.057875	0.064229
-6.993114	0.055602	0.060889
-6.973114	0.053024	0.057247
-6.953114	0.050314	0.053403
-6.933114	0.047645	0.049452
-6.913014	0.045204	0.045479
-6.893014	0.043103	0.041550
-6.873014	0.041483	0.037716
-6.853014	0.040470	0.034015
-6.833014	0.040207	0.030480
-6.813014	0.040872	0.027139
-6.793014	0.042711	0.024027
-6.773014	0.046065	0.021191
-6.753014	0.051389	0.018692
-6.733014	0.059248	0.016602
-6.712914	0.070282	0.015007
-6.692914	0.085140	0.013990
-6.672914	0.104366	0.013623
-6.652914	0.128258	0.013954
-6.632914	0.156727	0.014984
-6.612914	0.189185	0.016660
-6.592914	0.224502	0.018870
-6.572914	0.261049	0.021443
-6.552914	0.296861	0.024169
-6.532914	0.329878	0.026816
-6.512814	0.358235	0.029165
-6.492814	0.380529	0.031032
-6.472814	0.396040	0.032295
-6.452814	0.404816	0.032900
-6.432814	0.407651	0.032862
-6.412814	0.405941	0.032260
-6.392814	0.401472	0.031211
-6.372814	0.396158	0.029858
-6.352814	0.391811	0.028342
-6.332814	0.389951	0.026797
-6.312714	0.391673	0.025329
-6.292714	0.397603	0.024019
-6.272714	0.407907	0.022916
-6.252714	0.422371	0.022042
-6.232714	0.440501	0.021397
-6.212714	0.461670	0.020963
-6.192714	0.485219	0.020708
-6.172714	0.510555	0.020597
-6.152714	0.537188	0.020589
-6.132714	0.564728	0.020647
-6.112614	0.592820	0.020734
-6.092614	0.621070	0.020818
-6.072614	0.649018	0.020876
-6.052614	0.676004	0.020884
-6.032614	0.701260	0.020828
-6.012614	0.723959	0.020699
-5.992614	0.743348	0.020499
-5.972614	0.758897	0.020233
-5.952614	0.770425	0.019919
-5.932614	0.778219	0.019578
-5.912514	0.783050	0.019238
-5.892514	0.786113	0.018929
-5.872514	0.788899	0.018680
-5.852514	0.793021	0.018516
-5.832514	0.800027	0.018459
-5.812514	0.811225	0.018521
-5.792514	0.827557	0.018710
-5.772514	0.849532	0.019026
-5.752514	0.877198	0.019466
-5.732514	0.910172	0.020023
-5.712414	0.947694	0.020687
-5.692414	0.988687	0.021446
-5.672414	1.031810	0.022284
-5.652414	1.075542	0.023181
-5.632414	1.118260	0.024110
-5.612414	1.158330	0.025042
-5.592414	1.194196	0.025939
-5.572414	1.224485	0.026765
-5.552414	1.248101	0.027479
-5.532414	1.264258	0.028046
-5.512314	1.272518	0.028433
-5.492314	1.272777	0.028616
-5.472314	1.265228	0.028579
-5.452314	1.250313	0.028316
-5.432314	1.228680	0.027831
-5.412314	1.201164	0.027136
-5.392314	1.168755	0.026253
-5.372314	1.132625	0.025211
-5.352314	1.094086	0.024044
-5.332314	1.054585	0.022789
-5.312214	1.015628	0.021485
-5.292214	0.978667	0.020173
-5.272214	0.945003	0.018891
-5.252214	0.915650	0.017671
-5.232214	0.891229	0.016543
-5.212214	0.871963	0.015524
-5.192214	0.857606	0.014624
-5.172214	0.847528	0.013844
-5.152214	0.840895	0.013174
-5.132214	0.836671	0.012601
-5.112114	0.833830	0.012102
-5.092114	0.831416	0.011655
-5.072114	0.828680	0.011239
-5.052114	0.825083	0.010834
-5.032114	0.820385	0.010426
-5.012114	0.814630	0.010004
-4.992114	0.808121	0.009565
-4.972114	0.801373	0.009109
-4.952114	0.794923	0.008642
-4.932114	0.789188	0.008171
-4.912014	0.784374	0.007705
-4.892014	0.780343	0.007251
-4.872014	0.776632	0.006814
-4.852014	0.772637	0.006397
-4.832014	0.767854	0.006002
-4.812014	0.762199	0.005628
-4.792014	0.756258	0.005279
-4.772014	0.751415	0.004959
-4.752014	0.749704	0.004681
-4.732014	0.753452	0.004459
-4.711914	0.764754	0.004310
-4.691914	0.784907	0.004252
-4.671914	0.813929	0.004297
-4.651914	0.850347	0.004450
-4.631914	0.891297	0.004707
-4.611914	0.932918	0.005051
-4.591914	0.971117	0.005460
-4.571914	1.002300	0.005904
-4.551914	1.024074	0.006356
-4.531914	1.035728	0.006793
-4.511814	1.038309	0.007199
-4.491814	1.034405	0.007571
-4.471814	1.027575	0.007912
-4.451814	1.021606	0.008233
-4.431814	1.019785	0.008547
-4.411814	1.024292	0.008862
-4.391814	1.035880	0.009183
-4.371814	1.053821	0.009506
-4.351814	1.076163	0.009822
-4.331814	1.100103	0.010117
-4.311714	1.122684	0.010377
-4.291714	1.141198	0.010590
-4.271714	1.153703	0.010752
-4.251714	1.159233	0.010866
-4.231714	1.157961	0.010946
-4.211714	1.151090	0.011015
-4.191714	1.140608	0.011103
-4.171714	1.129058	0.011247
-4.151714	1.119153	0.011485
-4.131714	1.113495	0.011856
-4.111614	1.114240	0.012391
-4.091614	1.122762	0.013110
-4.071614	1.139623	0.014023
-4.051614	1.164465	0.015119
-4.031614	1.196048	0.016373
-4.011614	1.232493	0.017743
-3.991614	1.271561	0.019175
-3.971614	1.311019	0.020610
-3.951614	1.348962	0.021984
-3.931614	1.384090	0.023239
-3.911514	1.415819	0.024323
-3.891514	1.444206	0.025196
-3.871514	1.469759	0.025828
-3.851514	1.493177	0.026199
-3.831514	1.515035	0.026302
-3.811514	1.535634	0.026142
-3.791514	1.554885	0.025733
-3.771514	1.572343	0.025104
-3.751514	1.587446	0.024297
-3.731514	1.599680	0.023362
-3.711414	1.608828	0.022359
-3.691414	1.615106	0.021353
-3.671414	1.619191	0.020404
-3.651414	1.622215	0.019567
-3.631414	1.625487	0.018882
-3.611414	1.630431	0.018373
-3.591414	1.638282	0.018047
-3.571414	1.649882	0.017891
-3.551414	1.665606	0.017878
-3.531414	1.685168	0.017971
-3.511314	1.707736	0.018123
-3.491314	1.732035	0.018290
-3.471314	1.756515	0.018429
-3.451314	1.779593	0.018510
-3.431314	1.799856	0.018511
-3.411314	1.816201	0.018427
-3.391314	1.827921	0.018265
-3.371314	1.834685	0.018045
-3.351314	1.836368	0.017789
-3.331314	1.833016	0.017526
-3.311214	1.824680	0.017278
-3.291214	1.811386	0.017062
-3.271214	1.793331	0.016884
-3.251214	1.770862	0.016746
-3.231214	1.744772	0.016642
-3.211214	1.716495	0.016567
-3.191214	1.688112	0.016521
-3.171214	1.662347	0.016511
-3.151214	1.642360	0.016552
-3.131214	1.631323	0.016666
-3.111114	1.631926	0.016879
-3.091114	1.645865	0.017210
-3.071114	1.673382	0.017672
-3.051114	1.712932	0.018260
-3.031114	1.761189	0.018954
-3.011114	1.813329	0.019715
-2.991114	1.863537	0.020492
-2.971114	1.905797	0.021226
-2.951114	1.934655	0.021856
-2.931114	1.945979	0.022329
-2.911014	1.937509	0.022606
-2.891014	1.909067	0.022667
-2.871014	1.862486	0.022513
-2.851014	1.801245	0.022169
-2.831014	1.729833	0.021674
-2.811014	1.653164	0.021081
-2.791014	1.575788	0.020448
-2.771014	1.501381	0.019834
-2.751014	1.432532	0.019287
-2.731014	1.370586	0.018848
-2.710914	1.315917	0.018547
-2.690914	1.268034	0.018399
-2.670914	1.226070	0.018413
-2.650914	1.189122	0.018584
-2.630914	1.156484	0.018896
-2.610914	1.127771	0.019321
-2.590914	1.102840	0.019817
-2.570914	1.081839	0.020326
-2.550914	1.065092	0.020783
-2.530914	1.053027	0.021118
-2.510814	1.046122	0.021271
-2.490814	1.045005	0.021205
-2.470814	1.050459	0.020911
-2.450814	1.063354	0.020420
-2.430814	1.084688	0.019796
-2.410814	1.115299	0.019135
-2.390814	1.155634	0.018539
-2.370814	1.205449	0.018106
-2.350814	1.263569	0.017905
-2.330814	1.327745	0.017966
-2.310714	1.394721	0.018271
-2.290714	1.460565	0.018756
-2.270714	1.521013	0.019326
-2.250714	1.572056	0.019866
-2.230714	1.610527	0.020267
-2.210714	1.634480	0.020440
-2.190714	1.643467	0.020330
-2.170714	1.638560	0.019923
-2.150714	1.622147	0.019246
-2.130714	1.597530	0.018354
-2.110614	1.568435	0.017326
-2.090614	1.538520	0.016243
-2.070614	1.510879	0.015182
-2.050614	1.487736	0.014206
-2.030614	1.470322	0.013354
-2.010614	1.458818	0.012650
-1.990614	1.452517	0.012093
-1.970614	1.450007	0.011671
-1.950614	1.449596	0.011364
-1.930614	1.449472	0.011147
-1.910514	1.448142	0.010997
-1.890514	1.444630	0.010898
-1.870514	1.438707	0.010847
-1.850514	1.430841	0.010848
-1.830514	1.422191	0.010922
-1.810514	1.414247	0.011096
-1.790514	1.408662	0.011403
-1.770514	1.406848	0.011874
-1.750514	1.409574	0.012531
-1.730514	1.416900	0.013378
-1.710414	1.428109	0.014399
-1.690414	1.441877	0.015558
-1.670414	1.456582	0.016795
-1.650414	1.470610	0.018039
-1.630414	1.482606	0.019209
-1.610414	1.491668	0.020231
-1.590414	1.497384	0.021041
-1.570414	1.499733	0.021595
-1.550414	1.498962	0.021874
-1.530414	1.495447	0.021880
-1.510314	1.489586	0.021638
-1.490314	1.481834	0.021190
-1.470314	1.472611	0.020585
-1.450314	1.462494	0.019875
-1.430314	1.452154	0.019108
-1.410314	1.442357	0.018324
-1.390314	1.433912	0.017550
-1.370314	1.427556	0.016806
-1.350314	1.423848	0.016100
-1.330314	1.423107	0.015435
-1.310214	1.425370	0.014808
-1.290214	1.430414	0.014221
-1.270214	1.437789	0.013673
-1.250214	1.446925	0.013170
-1.230214	1.457136	0.012720
-1.210214	1.467578	0.012331
-1.190214	1.477423	0.012010
-1.170214	1.485784	0.011762
-1.150214	1.491817	0.011588
-1.130214	1.494769	0.011482
-1.110114	1.494102	0.011434
-1.090114	1.489602	0.011431
-1.070114	1.481487	0.011458
-1.050114	1.470444	0.011503
-1.030114	1.457590	0.011553
-1.010114	1.444338	0.011602
-0.990114	1.432276	0.011647
-0.970114	1.422734	0.011690
-0.950114	1.416612	0.011730
-0.930114	1.414102	0.011769
-0.910014	1.414552	0.011803
-0.890014	1.416523	0.011824
-0.870014	1.417982	0.011821
-0.850014	1.416574	0.011779
-0.830014	1.410101	0.011684
-0.810014	1.396919	0.011525
-0.790014	1.376192	0.011297
-0.770014	1.348049	0.011001
-0.750014	1.313563	0.010647
-0.730014	1.274549	0.010249
-0.709914	1.233231	0.009827
-0.689914	1.191952	0.009403
-0.669914	1.152815	0.008996
-0.649914	1.117512	0.008623
-0.629914	1.087109	0.008296
-0.609914	1.062043	0.008020
-0.589914	1.042106	0.007795
-0.569914	1.026519	0.007617
-0.549914	1.014071	0.007475
-0.529914	1.003246	0.007358
-0.509814	0.992384	0.007251
-0.489814	0.979860	0.007140
-0.469814	0.964246	0.007013
-0.449814	0.944460	0.006857
-0.429814	0.919863	0.006668
-0.409814	0.890341	0.006443
-0.389814	0.856316	0.006184
-0.369814	0.818609	0.005896
-0.349814	0.778419	0.005589
-0.329814	0.737171	0.005275
-0.309714	0.696333	0.004967
-0.289714	0.657299	0.004675
-0.269714	0.621261	0.004410
-0.249714	0.589113	0.004180
-0.229714	0.561445	0.003987
-0.209714	0.538512	0.003835
-0.189714	0.520306	0.003719
-0.169714	0.506606	0.003637
-0.149714	0.497048	0.003584
-0.129714	0.491178	0.003552
-0.109614	0.488479	0.003538
-0.089614	0.488389	0.003537
-0.069614	0.490300	0.003544
-0.049614	0.493561	0.003557
-0.029614	0.497511	0.003574
-0.009614	0.501482	0.003592
0.010386	0.504866	0.003613
0.030386	0.507153	0.003634
0.050386	0.507971	0.003655
0.070386	0.507105	0.003677
0.090486	0.504503	0.003699
0.110486	0.500262	0.003722
0.130486	0.494598	0.003745
0.150486	0.487815	0.003770
0.170486	0.480253	0.003797
0.190486	0.472274	0.003826
0.210486	0.464222	0.003859
0.230486	0.456419	0.003897
0.250486	0.449116	0.003941
0.270486	0.442542	0.003994
0.290586	0.436882	0.004059
0.310586	0.432310	0.004140
0.330586	0.429002	0.004245
0.350586	0.427155	0.004380
0.370586	0.426994	0.004554
0.390586	0.428749	0.004775
0.410586	0.432615	0.005051
0.430586	0.438696	0.005383
0.450586	0.446893	0.005769
0.470586	0.456830	0.006195
0.490686	0.467821	0.006638
0.510686	0.478867	0.007065
0.530686	0.488740	0.007436
0.550686	0.496144	0.007708
0.570686	0.499935	0.007841
0.590686	0.499364	0.007809
0.610686	0.494294	0.007601
0.630686	0.485291	0.007229
0.650686	0.473568	0.006726
0.670686	0.460815	0.006138
0.690786	0.448959	0.005532
0.710786	0.439755	0.004982
0.730786	0.434483	0.004566
0.750786	0.433747	0.004367
0.770786	0.437442	0.004470
0.790786	0.444900	0.004968
0.810786	0.455179	0.005963
0.830786	0.467354	0.007558
0.850786	0.480809	0.009849
0.870786	0.495317	0.012907
0.890886	0.510945	0.016746
0.910886	0.527780	0.021298
0.930886	0.545579	0.026391
0.950886	0.563468	0.031747
0.970886	0.579827	0.036998
0.990886	0.592419	0.041726
1.010886	0.598763	0.045528
1.030886	0.596651	0.048074
1.050886	0.584656	0.049171
1.070886	0.562522	0.048794
1.090986	0.531189	0.047085
1.110986	0.492680	0.044323
1.130986	0.449674	0.040872
1.150986	0.405006	0.037113
1.170986	0.361212	0.033387
1.190986	0.320213	0.029955
1.210986	0.283187	0.026977
1.230986	0.250618	0.024519
1.250986	0.222461	0.022571
1.270986	0.198399	0.021079
1.291086	0.177986	0.019971
1.311086	0.160815	0.019176
1.331086	0.146583	0.018642
1.351086	0.135096	0.018335
1.371086	0.126229	0.018240
1.391086	0.119897	0.018356
1.411086	0.115998	0.018691
1.431086	0.114385	0.019252
1.451086	0.114879	0.020048
1.471086	0.117283	0.021086
1.491186	0.121361	0.022375
1.511186	0.126827	0.023914
1.531186	0.133440	0.025705
1.551186	0.140956	0.027747
1.571186	0.149135	0.030032
1.591186	0.157732	0.032544
1.611186	0.166483	0.035249
1.631186	0.175101	0.038099
1.651186	0.183293	0.041027
1.671186	0.190735	0.043949
1.691286	0.197117	0.046768
1.711286	0.202162	0.049384
1.731286	0.205648	0.051697
1.751286	0.207429	0.053621
1.771286	0.207450	0.055089
1.791286	0.205745	0.056060
1.811286	0.202432	0.056521
1.831286	0.197699	0.056494
1.851286	0.191787	0.056031
1.871286	0.184971	0.055210
1.891386	0.177542	0.054132
1.911386	0.169791	0.052908
1.931386	0.161990	0.051655
1.951386	0.154378	0.050477
1.971386	0.147145	0.049462
1.991386	0.140421	0.048674
2.011386	0.134276	0.048150
2.031386	0.128734	0.047903
2.051386	0.123756	0.047921
2.071386	0.119301	0.048181
2.091486	0.115309	0.048653
2.111486	0.111754	0.049307
2.131486	0.108651	0.050124
2.151486	0.106078	0.051095
2.171486	0.104187	0.052224
2.191486	0.103216	0.053532
2.211486	0.103471	0.055049
2.231486	0.105320	0.056814
2.251486	0.109162	0.058866
2.271486	0.115373	0.061232
2.291586	0.124243	0.063917
2.311586	0.135906	0.066889
2.331586	0.150265	0.070069
2.351586	0.166945	0.073329
2.371586	0.185274	0.076489
2.391586	0.204318	0.079336
2.411586	0.222959	0.081644
2.431586	0.240017	0.083203
2.451586	0.254392	0.083848
2.471586	0.265194	0.083483
2.491686	0.271843	0.082093
2.511686	0.274110	0.079741
2.531686	0.272105	0.076560
2.551686	0.266210	0.072723
2.571686	0.256986	0.068418
2.591686	0.245067	0.063822
2.611686	0.231071	0.059084
2.631686	0.215548	0.054315
2.651686	0.198952	0.049590
2.671686	0.181643	0.044949
2.691786	0.163923	0.040416
2.711786	0.146064	0.036010
2.731786	0.128343	0.031757
2.751786	0.111059	0.027695
2.771786	0.094536	0.023888
2.791786	0.079114	0.020420
2.811786	0.065132	0.017402
2.831786	0.052897	0.014970
2.851786	0.042664	0.013282
2.871786	0.034653	0.012526
2.891886	0.028986	0.012900
2.911886	0.025751	0.014624
2.931886	0.024964	0.017921
2.951886	0.026601	0.023003
2.971886	0.030579	0.030046
2.991886	0.036772	0.039183
3.011886	0.044994	0.050469
3.031886	0.055002	0.063877
3.051886	0.066501	0.079291
3.071886	0.079160	0.096520
3.091986	0.092627	0.115320
3.111986	0.106555	0.135416
3.131986	0.120628	0.156534
3.151986	0.134561	0.178407
3.171986	0.148112	0.200773
3.191986	0.161057	0.223355
3.211986	0.173185	0.245834
3.231986	0.184274	0.267812
3.251986	0.194089	0.288811
3.271986	0.202398	0.308276
3.292086	0.208994	0.325626
3.312086	0.213730	0.340313
3.332086	0.216550	0.351895
3.352086	0.217504	0.360102
3.372086	0.216746	0.364868
3.392086	0.214506	0.366338
3.412086	0.211045	0.364828
3.432086	0.206619	0.360776
3.452086	0.201432	0.354667
3.472086	0.195621	0.346973
3.492186	0.189262	0.338114
3.512186	0.182382	0.328432
3.532186	0.174995	0.318195
3.552186	0.167129	0.307615
3.572186	0.158855	0.296884
3.592186	0.150294	0.286194
3.612186	0.141615	0.275765
3.632186	0.133023	0.265856
3.652186	0.124739	0.256769
3.672186	0.116973	0.248833
3.692286	0.109907	0.242380
3.712286	0.103680	0.237723
3.732286	0.098369	0.235104
3.752286	0.093994	0.234677
3.772286	0.090514	0.236475
3.792286	0.087843	0.240409
3.812286	0.085855	0.246268
3.832286	0.084405	0.253762
3.852286	0.083341	0.262514
3.872286	0.082523	0.272159
3.892386	0.081833	0.282353
3.912386	0.081181	0.292811
3.932386	0.080509	0.303326
3.952386	0.079786	0.313775
3.972386	0.079006	0.324106
3.992386	0.078179	0.334319
4.012386	0.077323	0.344435
4.032386	0.076456	0.354459
4.052386	0.075592	0.364338
4.072386	0.074732	0.373938
4.092486	0.073859	0.383008
4.112486	0.072949	0.391197
4.132486	0.071956	0.398048
4.152486	0.070836	0.403076
4.172486	0.069547	0.405837
4.192486	0.068068	0.406045
4.212486	0.066403	0.403631
4.232486	0.064599	0.398854
4.252486	0.062744	0.392322
4.272486	0.060967	0.384993
4.292586	0.059435	0.378125
4.312586	0.058333	0.373200
4.332586	0.057854	0.371843
4.352586	0.058179	0.375725
4.372586	0.059467	0.386545
4.392586	0.061834	0.405880
4.412586	0.065351	0.435234
4.432586	0.070034	0.475911
4.452586	0.075844	0.528908
4.472586	0.082692	0.594771
4.492686	0.090438	0.673427
4.512686	0.098905	0.763985
4.532686	0.107880	0.864589
4.552686	0.117121	0.972309
4.572686	0.126367	1.083144
4.592686	0.135335	1.192140
4.612686	0.143736	1.293665
4.632686	0.151285	1.381818
4.652686	0.157721	1.450949
4.672686	0.162837	1.496279
4.692786	0.166501	1.514425
4.712786	0.168682	1.503916
4.732786	0.169463	1.465458
4.752786	0.169035	1.401936
4.772786	0.167677	1.318130
4.792786	0.165711	1.220130
4.812786	0.163467	1.114609
4.832786	0.161225	1.007992
4.852786	0.159181	0.905746
4.872786	0.157423	0.811867
4.892886	0.155931	0.728662
4.912886	0.154593	0.656818
4.932886	0.153234	0.595702
4.952886	0.151661	0.543818
4.972886	0.149683	0.499242
4.992886	0.147147	0.460041
5.012886	0.143943	0.424540
5.032886	0.140017	0.391491
5.052886	0.135359	0.360075
5.072886	0.130006	0.329872
5.092986	0.124035	0.300771
5.112986	0.117571	0.272893
5.132986	0.110760	0.246480
5.152986	0.103800	0.221878
5.172986	0.096918	0.199467
5.192986	0.090360	0.179602
5.212986	0.084374	0.162645
5.232986	0.079191	0.148863
5.252986	0.075012	0.138476
5.272986	0.071988	0.131642
5.293086	0.070218	0.128491
5.313086	0.069748	0.129129
5.333086	0.070570	0.133683
5.353086	0.072629	0.142301
5.373086	0.075816	0.155148
5.393086	0.079977	0.172358
5.413086	0.084899	0.193948
5.433086	0.090321	0.219707
5.453086	0.095935	0.249075
5.473086	0.101409	0.281046
5.493186	0.106408	0.314132
5.513186	0.110628	0.346404
5.533186	0.113830	0.375642
5.553186	0.115857	0.399568
5.573186	0.116660	0.416144
5.593186	0.116292	0.423870
5.613186	0.114903	0.422030
5.633186	0.112711	0.410805
5.653186	0.109982	0.391278
5.673186	0.106995	0.365258
5.693286	0.104014	0.335017
5.713286	0.101259	0.302952
5.733286	0.098894	0.271282
5.753286	0.097016	0.241799
5.773286	0.095656	0.215735
5.793286	0.094790	0.193730
5.813286	0.094349	0.175900
5.833286	0.094234	0.161954
5.853286	0.094324	0.151338
5.873286	0.094488	0.143357
5.893386	0.094584	0.137276
5.913386	0.094463	0.132390
5.933386	0.093971	0.128053
5.953386	0.092971	0.123737
5.973386	0.091327	0.119000
5.993386	0.088947	0.113553
6.013386	0.085788	0.107255
6.033386	0.081873	0.100121
6.053386	0.077293	0.092293
6.073386	0.072202	0.084033
6.093486	0.066809	0.075681
6.113486	0.061343	0.067575
6.133486	0.056036	0.060033
6.153486	0.051091	0.053301
6.173486	0.046666	0.047534
6.193486	0.042858	0.042787
6.213486	0.039706	0.039028
6.233486	0.037191	0.036160
6.253486	0.035253	0.034047
6.273486	0.033808	0.032536
6.293586	0.032762	0.031485
6.313586	0.032028	0.030768
6.333586	0.031532	0.030289
6.353586	0.031219	0.029979
6.373586	0.031051	0.029798
6.393586	0.031006	0.029722
6.413586	0.031062	0.029740
6.433586	0.031204	0.029852
6.453586	0.031408	0.030051
6.473586	0.031648	0.030327
6.493686	0.031897	0.030665
6.513686	0.032144	0.031045
6.533686	0.032372	0.031440
6.553686	0.032604	0.031828
6.573686	0.032890	0.032190
6.593686	0.033318	0.032522
6.613686	0.034009	0.032834
6.633686	0.035126	0.033156
6.653686	0.036860	0.033541
6.673686	0.039430	0.034067
6.693786	0.043058	0.034824
6.713786	0.047957	0.035916
6.733786	0.054287	0.037441
6.753786	0.062141	0.039487
6.773786	0.071494	0.042108
6.793786	0.082183	0.045316
6.813786	0.093892	0.049064
6.833786	0.106167	0.053256
6.853786	0.118459	0.057740
6.873786	0.130186	0.062332
6.893886	0.140810	0.066834
6.913886	0.149912	0.071056
6.933886	0.157242	0.074838
6.953886	0.162728	0.078064
6.973886	0.166459	0.080658
6.993886	0.168622	0.082580
7.013886	0.169434	0.083810
7.033886	0.169081	0.084341
7.053886	0.167684	0.084165
7.073886	0.165292	0.083280
7.093986	0.161906	0.081693
7.113986	0.157537	0.079441
7.133986	0.152250	0.076602
7.153986	0.146198	0.073302
7.173986	0.139636	0.069710
7.193986	0.132906	0.066031
7.213986	0.126399	0.062481
7.233986	0.120505	0.059264
7.253986	0.115567	0.056551
7.273986	0.111837	0.054460
7.294086	0.109444	0.053043
7.314086	0.108380	0.052284
7.334086	0.108500	0.052102
7.354086	0.109554	0.052367
7.374086	0.111181	0.052905
7.394086	0.112976	0.053526
7.414086	0.114532	0.054046
7.434086	0.115494	0.054308
7.454086	0.115601	0.054196
7.474086	0.114725	0.053653
7.494186	0.112877	0.052678
7.514186	0.110204	0.051325
7.534186	0.106941	0.049676
7.554186	0.103372	0.047832
7.574186	0.099760	0.045883
7.594186	0.096313	0.043898
7.614186	0.093148	0.041914
7.634186	0.090291	0.039945
7.654186	0.087688	0.037983
7.674186	0.085243	0.036015
7.694286	0.082847	0.034035
7.714286	0.080411	0.032049
7.734286	0.077889	0.030080
7.754286	0.075276	0.028160
7.774286	0.072607	0.026328
7.794286	0.069937	0.024618
7.814286	0.067326	0.023055
7.834286	0.064827	0.021648
7.854286	0.062485	0.020399
7.874286	0.060299	0.019289
7.894386	0.058275	0.018297
7.914386	0.056409	0.017405
7.934386	0.054700	0.016593
7.954386	0.053159	0.015848
7.974386	0.051830	0.015173
7.994386	0.050791	0.014579
8.014386	0.050155	0.014094
8.034386	0.050070	0.013754
8.054386	0.050702	0.013606
8.074386	0.052209	0.013694
8.094486	0.054705	0.014054
8.114486	0.058223	0.014702
8.134486	0.062674	0.015622
8.154486	0.067823	0.016762
8.174486	0.073296	0.018032
8.194486	0.078612	0.019315
8.214486	0.083244	0.020482
8.234486	0.086702	0.021410
8.254486	0.088617	0.022009
8.274486	0.088809	0.022234
8.294586	0.087319	0.022097
8.314586	0.084407	0.021666
8.334586	0.080494	0.021048
8.354586	0.076101	0.020377
8.374586	0.071761	0.019790
8.394586	0.067952	0.019409
8.414586	0.065047	0.019332
8.434586	0.063290	0.019623
8.454586	0.062799	0.020314
8.474586	0.063589	0.021413
8.494686	0.065597	0.022905
8.514686	0.068705	0.024759
8.534686	0.072758	0.026932
8.554686	0.077572	0.029368
8.574686	0.082935	0.031996
8.594686	0.088600	0.034729
8.614686	0.094297	0.037464
8.634686	0.099731	0.040085
8.654686	0.104604	0.042471
8.674686	0.108635	0.044503
8.694786	0.111617	0.046086
8.714786	0.113390	0.047147
8.734786	0.113909	0.047655
8.754786	0.113227	0.047624
8.774786	0.111490	0.047106
8.794786	0.108906	0.046183
8.814786	0.105717	0.044953
8.834786	0.102159	0.043517
8.854786	0.098438	0.041962
8.874786	0.094710	0.040360
8.894886	0.091083	0.038762
8.914886	0.087627	0.037202
8.934886	0.084390	0.035710
8.954886	0.081418	0.034312
8.974886	0.078768	0.033043
8.994886	0.076508	0.031943
9.014886	0.074714	0.031056
9.034886	0.073450	0.030426
9.054886	0.072753	0.030082
9.074886	0.072623	0.030040
9.094986	0.073017	0.030295
9.114986	0.073852	0.030823
9.134986	0.075018	0.031583
9.154986	0.076403	0.032528
9.174986	0.077896	0.033610
9.194986	0.079411	0.034786
9.214986	0.080885	0.036022
9.234986	0.082288	0.037302
9.254986	0.083611	0.038619
9.274986	0.084869	0.039979
9.295086	0.086083	0.041395
9.315086	0.087283	0.042879
9.335086	0.088492	0.044435
9.355086	0.089725	0.046055
9.375086	0.090976	0.047713
9.395086	0.092217	0.049360
9.415086	0.093391	0.050931
9.435086	0.094405	0.052338
9.455086	0.095143	0.053490
9.475086	0.095465	0.054292
9.495186	0.095222	0.054655
9.515186	0.094268	0.054507
9.535186	0.092482	0.053801
9.555186	0.089777	0.052514
9.575186	0.086124	0.050656
9.595186	0.081555	0.048270
9.615186	0.076172	0.045433
9.635186	0.070140	0.042246
9.655186	0.063681	0.038837
9.675186	0.057056	0.035344
9.695286	0.050541	0.031911
9.715286	0.044413	0.028676
9.735286	0.038931	0.025767
9.755286	0.034318	0.023294
9.775286	0.030760	0.021347
9.795286	0.028393	0.019999
9.815286	0.027308	0.019300
9.835286	0.027545	0.019287
9.855286	0.029097	0.019972
9.875286	0.031904	0.021351
9.895386	0.035850	0.023389
9.915386	0.040760	0.026019
9.935386	0.046405	0.029141
9.955386	0.052505	0.032617
9.975386	0.058743	0.036276
9.995386	0.064785	0.039928
10.015386	0.070305	0.043372
10.035386	0.075011	0.046423
10.055386	0.078673	0.048922
10.075386	0.081139	0.050757
10.095486	0.082350	0.051873
10.115486	0.082343	0.052276
10.135486	0.081236	0.052026
10.155486	0.079215	0.051226
10.175486	0.076511	0.050012
10.195486	0.073376	0.048529
10.215486	0.070063	0.046923
10.235486	0.066810	0.045330
10.255486	0.063828	0.043864
10.275486	0.061296	0.042620
10.295586	0.059356	0.041670
10.315586	0.058116	0.041064
10.335586	0.057647	0.040832
10.355586	0.057980	0.040980
10.375586	0.059102	0.041493
10.395586	0.060950	0.042329
10.415586	0.063406	0.043416
10.435586	0.066294	0.044660
10.455586	0.069385	0.045938
10.475586	0.072411	0.047117
10.495686	0.075086	0.048055
10.515686	0.077139	0.048628
10.535686	0.078341	0.048734
10.555686	0.078542	0.048317
10.575686	0.077684	0.047367
10.595686	0.075810	0.045928
10.615686	0.073054	0.044083
10.635686	0.069619	0.041948
10.655686	0.065739	0.039648
10.675686	0.061654	0.037303
10.695786	0.057575	0.035010
10.715786	0.053667	0.032841
10.735786	0.050044	0.030835
10.755786	0.046770	0.029006
10.775786	0.043872	0.027355
10.795786	0.041354	0.025875
10.815786	0.039212	0.024564
10.835786	0.037445	0.023429
10.855786	0.036056	0.022488
10.875786	0.035057	0.021763
10.895886	0.034459	0.021282
10.915886	0.034268	0.021063
10.935886	0.034481	0.021115
10.955886	0.035079	0.021432
10.975886	0.036023	0.021989
10.995886	0.037258	0.022747
11.015886	0.038717	0.023651
11.035886	0.040321	0.024642
11.055886	0.041990	0.025654
11.075886	0.043649	0.026626
11.095986	0.045236	0.027507
11.115986	0.046706	0.028258
11.135986	0.048042	0.028855
11.155986	0.049250	0.029295
11.175986	0.050370	0.029590
11.195986	0.051471	0.029770
11.215986	0.052643	0.029878
11.235986	0.053996	0.029966
11.255986	0.055641	0.030089
11.275986	0.057684	0.030299
11.296086	0.060204	0.030644
11.316086	0.063241	0.031157
11.336086	0.066789	0.031856
11.356086	0.070786	0.032746
11.376086	0.075113	0.033812
11.396086	0.079611	0.035031
11.416086	0.084102	0.036376
11.436086	0.088406	0.037821
11.456086	0.092376	0.039351
11.476086	0.095919	0.040964
11.496186	0.099009	0.042675
11.516186	0.101694	0.044509
11.536186	0.104088	0.046504
11.556186	0.106348	0.048692
11.576186	0.108645	0.051095
11.596186	0.111124	0.053709
11.616186	0.113870	0.056495
11.636186	0.116869	0.059362
11.656186	0.119997	0.062174
11.676186	0.123020	0.064747
11.696286	0.125608	0.066865
11.716286	0.127390	0.068305
11.736286	0.128004	0.068873
11.756286	0.127164	0.068432
11.776286	0.124719	0.066935
11.796286	0.120686	0.064442
11.816286	0.115256	0.061114
11.836286	0.108771	0.057200
11.856286	0.101670	0.052997
11.876286	0.094432	0.048816
11.896386	0.087504	0.044942
11.916386	0.081260	0.041606
11.936386	0.075970	0.038970
11.956386	0.071795	0.037128
11.976386	0.068810	0.036115
11.996386	0.067019	0.035918
12.016386	0.066393	0.036497
12.036386	0.066893	0.037793
12.056386	0.068473	0.039733
12.076386	0.071089	0.042228
12.096486	0.074686	0.045173
12.116486	0.079186	0.048440
12.136486	0.084470	0.051878
12.156486	0.090365	0.055311
12.176486	0.096635	0.058543
12.196486	0.102984	0.061375
12.216486	0.109061	0.063609
12.236486	0.114476	0.065069
12.256486	0.118840	0.065622
12.276486	0.121793	0.065191
12.296586	0.123057	0.063773
12.316586	0.122476	0.061449
12.336586	0.120050	0.058379
12.356586	0.115954	0.054802
12.376586	0.110517	0.051006
12.396586	0.104205	0.047307
12.416586	0.097557	0.044013
12.436586	0.091113	0.041385
12.456586	0.085357	0.039612
12.476586	0.080649	0.038786
12.496686	0.077206	0.038903
12.516686	0.075093	0.039864
12.536686	0.074247	0.041502
12.556686	0.074509	0.043601
12.576686	0.075674	0.045934
12.596686	0.077525	0.048282
12.616686	0.079860	0.050456
12.636686	0.082503	0.052307
12.656686	0.085305	0.053731
12.676686	0.088135	0.054663
12.696786	0.090871	0.055076
12.716786	0.093397	0.054976
12.736786	0.095603	0.054392
12.756786	0.097391	0.053380
12.776786	0.098689	0.052015
12.796786	0.099452	0.050384
12.816786	0.099682	0.048586
12.836786	0.099414	0.046714
12.856786	0.098721	0.044858
12.876786	0.097705	0.043089
12.896886	0.096485	0.041461
12.916886	0.095186	0.040008
12.936886	0.093929	0.038743
12.956886	0.092822	0.037666
12.976886	0.091952	0.036767
12.996886	0.091386	0.036030
13.016886	0.091169	0.035437
13.036886	0.091318	0.034972
13.056886	0.091832	0.034619
13.076886	0.092686	0.034364
13.096986	0.093835	0.034195
13.116986	0.095214	0.034100
13.136986	0.096739	0.034066
13.156986	0.098317	0.034082
13.176986	0.099850	0.034137
13.196986	0.101251	0.034227
13.216986	0.102446	0.034349
13.236986	0.103397	0.034512
13.256986	0.104099	0.034731
13.276986	0.104591	0.035030
13.297086	0.104950	0.035438
13.317086	0.105280	0.035984
13.337086	0.105704	0.036693
13.357086	0.106343	0.037577
13.377086	0.107301	0.038637
13.397086	0.108649	0.039852
13.417086	0.110414	0.041188
13.437086	0.112569	0.042592
13.457086	0.115035	0.044002
13.477086	0.117682	0.045353
13.497186	0.120349	0.046580
13.517186	0.122852	0.047629
13.537186	0.125015	0.048460
13.557186	0.126685	0.049049
13.577186	0.127754	0.049392
13.597186	0.128172	0.049505
13.617186	0.127956	0.049417
13.637186	0.127177	0.049171
13.657186	0.125955	0.048813
13.677186	0.124436	0.048390
13.697286	0.122769	0.047944
13.717286	0.121088	0.047505
13.737286	0.119493	0.047092
13.757286	0.118046	0.046714
13.777286	0.116765	0.046365
13.797286	0.115632	0.046035
13.817286	0.114606	0.045710
13.837286	0.113630	0.045374
13.857286	0.112648	0.045014
13.877286	0.111614	0.044623
13.897386	0.110497	0.044200
13.917386	0.109288	0.043747
13.937386	0.107992	0.043272
13.957386	0.106632	0.042783
13.977386	0.105236	0.042288
13.997386	0.103832	0.041793
14.017386	0.102447	0.041302
14.037386	0.101093	0.040814
14.057386	0.099773	0.040327
14.077386	0.098480	0.039833
14.097486	0.097200	0.039324
14.117486	0.095919	0.038792
14.137486	0.094634	0.038228
14.157486	0.093357	0.037629
14.177486	0.092122	0.036991
14.197486	0.090992	0.036321
14.217486	0.090055	0.035628
14.237486	0.089416	0.034933
14.257486	0.089183	0.034257
14.277486	0.089457	0.033629
14.297586	0.090300	0.033072
14.317586	0.091727	0.032607
14.337586	0.093687	0.032240
14.357586	0.096068	0.031967
14.377586	0.098699	0.031772
14.397586	0.101373	0.031627
14.417586	0.103879	0.031500
14.437586	0.106031	0.031358
14.457586	0.107695	0.031176
14.477586	0.108808	0.030942
14.497686	0.109388	0.030654
14.517686	0.109502	0.030323
14.537686	0.109265	0.029969
14.557686	0.108803	0.029617
14.577686	0.108226	0.029289
14.597686	0.107611	0.029009
14.617686	0.107011	0.028796
14.637686	0.106461	0.028669
14.657686	0.106006	0.028656
14.677686	0.105727	0.028788
14.697786	0.105765	0.029111
14.717786	0.106321	0.029679
14.737786	0.107645	0.030556
14.757786	0.110000	0.031800
14.777786	0.113611	0.033456
14.797786	0.118606	0.035542
14.817786	0.124975	0.038039
14.837786	0.132530	0.040882
14.857786	0.140916	0.043965
14.877786	0.149633	0.047153
14.897886	0.158099	0.050291
14.917886	0.165717	0.053230
14.937886	0.171955	0.055850
14.957886	0.176412	0.058079
14.977886	0.178860	0.059901
14.997886	0.179265	0.061366
15.017886	0.177774	0.062582
15.037886	0.174686	0.063707
15.057886	0.170403	0.064930
15.077886	0.165380	0.066447
15.097986	0.160069	0.068436
15.117986	0.154880	0.071030
15.137986	0.150126	0.074280
15.157986	0.146009	0.078143
15.177986	0.142598	0.082459
15.197986	0.139839	0.086962
15.217986	0.137575	0.091301
15.237986	0.135577	0.095084
15.257986	0.133599	0.097932
15.277986	0.131416	0.099543
15.298086	0.128869	0.099736
15.318086	0.125893	0.098488
15.338086	0.122534	0.095937
15.358086	0.118933	0.092358
15.378086	0.115313	0.088122
15.398086	0.111959	0.083644
15.418086	0.109173	0.079326
15.438086	0.107248	0.075517
15.458086	0.106434	0.072482
15.478086	0.106922	0.070390
15.498186	0.108814	0.069311
15.518186	0.112119	0.069228
15.538186	0.116743	0.070051
15.558186	0.122492	0.071635
15.578186	0.129082	0.073787
15.598186	0.136157	0.076296
15.618186	0.143315	0.078938
15.638186	0.150134	0.081495
15.658186	0.156215	0.083776
15.678186	0.161198	0.085622
15.698286	0.164803	0.086930
15.718286	0.166846	0.087652
15.738286	0.167249	0.087803
15.758286	0.166047	0.087450
15.778286	0.163350	0.086687
15.798286	0.159355	0.085633
15.818286	0.154304	0.084392
15.838286	0.148461	0.083037
15.858286	0.142098	0.081598
15.878286	0.135483	0.080062
15.898386	0.128879	0.078387
15.918386	0.122546	0.076524
15.938386	0.116748	0.074446
15.958386	0.111741	0.072161
15.978386	0.107760	0.069736
15.998386	0.104992	0.067277
16.018386	0.103539	0.064918
16.038386	0.103384	0.062787
16.058386	0.104368	0.060977
16.078386	0.106193	0.059527
16.098486	0.108457	0.058409
16.118486	0.110702	0.057550
16.138486	0.112493	0.056842
16.158486	0.113489	0.056182
16.178486	0.113496	0.055493
16.198486	0.112494	0.054738
16.218486	0.110622	0.053922
16.238486	0.108136	0.053082
16.258486	0.105345	0.052260
16.278486	0.102549	0.051493
16.298586	0.099982	0.050787
16.318586	0.097787	0.050121
16.338586	0.096016	0.049450
16.358586	0.094648	0.048717
16.378586	0.093610	0.047866
16.398586	0.092822	0.046862
16.418586	0.092207	0.045689
16.438586	0.091710	0.044359
16.458586	0.091300	0.042908
16.478586	0.090961	0.041390
16.498686	0.090692	0.039869
16.518686	0.090502	0.038422
16.538686	0.090408	0.037124
16.558686	0.090440	0.036053
16.578686	0.090638	0.035275
16.598686	0.091060	0.034850
16.618686	0.091742	0.034804
16.638686	0.092720	0.035137
16.658686	0.093996	0.035813
16.678686	0.095537	0.036755
16.698786	0.097277	0.037856
16.718786	0.099136	0.038990
16.738786	0.101041	0.040032
16.758786	0.102954	0.040878
16.778786	0.104892	0.041465
16.798786	0.106918	0.041778
16.818786	0.109123	0.041855
16.838786	0.111583	0.041774
16.858786	0.114305	0.041636
16.878786	0.117192	0.041541
16.898886	0.120016	0.041566
16.918886	0.122438	0.041747
16.938886	0.124061	0.042081
16.958886	0.124504	0.042525
16.978886	0.123488	0.043012
16.998886	0.120895	0.043472
17.018886	0.116806	0.043844
17.038886	0.111499	0.044092
17.058886	0.105397	0.044209
17.078886	0.099009	0.044211
17.098986	0.092852	0.044131
17.118986	0.087386	0.044007
17.138986	0.082985	0.043878
17.158986	0.079914	0.043775
17.178986	0.078339	0.043718
