Energy(eV)	C_p_DOS	Pt_d_DOS
-22.916571	0.000000	0.000000
-22.896571	0.000000	0.000000
-22.876571	0.000000	0.000000
-22.856571	0.000000	0.000000
-22.836571	0.000000	0.000000
-22.816471	0.000000	0.000000
-22.796471	0.000000	0.000000
-22.776471	0.000000	0.000000
-22.756471	0.000000	0.000000
-22.736471	0.000000	0.000000
-22.716471	0.000000	0.000000
-22.696471	0.000000	0.000000
-22.676471	0.000000	0.000000
-22.656471	0.000000	0.000000
-22.636471	0.000000	0.000000
-22.616371	0.000000	0.000000
-22.596371	0.000000	0.000000
-22.576371	0.000000	0.000000
-22.556371	0.000000	0.000000
-22.536371	0.000000	0.000000
-22.516371	0.000000	0.000000
-22.496371	0.000000	0.000000
-22.476371	0.000000	0.000000
-22.456371	0.000000	0.000000
-22.436371	0.000000	0.000000
-22.416271	0.000000	0.000000
-22.396271	0.000000	0.000000
-22.376271	0.000000	0.000000
-22.356271	0.000000	0.000000
-22.336271	0.000000	0.000000
-22.316271	0.000000	0.000000
-22.296271	0.000000	0.000000
-22.276271	0.000000	0.000000
-22.256271	0.000000	0.000000
-22.236271	0.000000	0.000000
-22.216171	0.000000	0.000000
-22.196171	0.000000	0.000000
-22.176171	0.000000	0.000000
-22.156171	0.000000	0.000000
-22.136171	0.000000	0.000000
-22.116171	0.000000	0.000000
-22.096171	0.000000	0.000000
-22.076171	0.000000	0.000000
-22.056171	0.000000	0.000000
-22.036171	0.000000	0.000000
-22.016071	0.000000	0.000000
-21.996071	0.000000	0.000000
-21.976071	0.000000	0.000000
-21.956071	0.000000	0.000000
-21.936071	0.000000	0.000000
-21.916071	0.000000	0.000000
-21.896071	0.000000	0.000000
-21.876071	0.000000	0.000000
-21.856071	0.000000	0.000000
-21.836071	0.000000	0.000000
-21.815971	0.000000	0.000000
-21.795971	0.000000	0.000000
-21.775971	0.000000	0.000000
-21.755971	0.000000	0.000000
-21.735971	0.000000	0.000000
-21.715971	0.000000	0.000000
-21.695971	0.000000	0.000000
-21.675971	0.000000	0.000000
-21.655971	0.000000	0.000000
-21.635971	0.000000	0.000000
-21.615871	0.000000	0.000000
-21.595871	0.000000	0.000000
-21.575871	0.000000	0.000000
-21.555871	0.000000	0.000000
-21.535871	0.000000	0.000000
-21.515871	0.000000	0.000000
-21.495871	0.000000	0.000000
-21.475871	0.000000	0.000000
-21.455871	0.000000	0.000000
-21.435871	0.000000	0.000000
-21.415771	0.000000	0.000000
-21.395771	0.000000	0.000000
-21.375771	0.000000	0.000000
-21.355771	0.000000	0.000000
-21.335771	0.000000	0.000000
-21.315771	0.000000	0.000000
-21.295771	0.000000	0.000000
-21.275771	0.000000	0.000000
-21.255771	0.000000	0.000000
-21.235771	0.000000	0.000000
-21.215671	0.000000	0.000000
-21.195671	0.000000	0.000000
-21.175671	0.000000	0.000000
-21.155671	0.000000	0.000000
-21.135671	0.000000	0.000000
-21.115671	0.000000	0.000000
-21.095671	0.000000	0.000000
-21.075671	0.000000	0.000000
-21.055671	0.000000	0.000000
-21.035671	0.000000	0.000000
-21.015571	0.000000	0.000000
-20.995571	0.000000	0.000000
-20.975571	0.000000	0.000000
-20.955571	0.000000	0.000000
-20.935571	0.000000	0.000000
-20.915571	0.000000	0.000000
-20.895571	0.000000	0.000000
-20.875571	0.000000	0.000000
-20.855571	0.000000	0.000000
-20.835571	0.000000	0.000000
-20.815471	0.000000	0.000000
-20.795471	0.000000	0.000000
-20.775471	0.000000	0.000000
-20.755471	0.000000	0.000000
-20.735471	0.000000	0.000000
-20.715471	0.000000	0.000000
-20.695471	0.000000	0.000000
-20.675471	0.000000	0.000000
-20.655471	0.000000	0.000000
-20.635471	0.000000	0.000000
-20.615371	0.000000	0.000000
-20.595371	0.000000	0.000000
-20.575371	0.000000	0.000000
-20.555371	0.000000	0.000000
-20.535371	0.000000	0.000000
-20.515371	0.000000	0.000000
-20.495371	0.000000	0.000000
-20.475371	0.000000	0.000000
-20.455371	0.000000	0.000000
-20.435371	0.000000	0.000000
-20.415271	0.000000	0.000000
-20.395271	0.000000	0.000000
-20.375271	0.000000	0.000000
-20.355271	0.000000	0.000000
-20.335271	0.000000	0.000000
-20.315271	0.000000	0.000000
-20.295271	0.000000	0.000000
-20.275271	0.000000	0.000000
-20.255271	0.000000	0.000000
-20.235271	0.000000	0.000000
-20.215171	0.000000	0.000000
-20.195171	0.000000	0.000000
-20.175171	0.000000	0.000000
-20.155171	0.000000	0.000000
-20.135171	0.000000	0.000000
-20.115171	0.000000	0.000000
-20.095171	0.000000	0.000000
-20.075171	0.000000	0.000000
-20.055171	0.000000	0.000000
-20.035171	0.000000	0.000000
-20.015071	0.000000	0.000000
-19.995071	0.000000	0.000000
-19.975071	0.000000	0.000000
-19.955071	0.000000	0.000000
-19.935071	0.000000	0.000000
-19.915071	0.000000	0.000000
-19.895071	0.000000	0.000000
-19.875071	0.000000	0.000000
-19.855071	0.000000	0.000000
-19.835071	0.000000	0.000000
-19.814971	0.000000	0.000000
-19.794971	0.000000	0.000000
-19.774971	0.000000	0.000000
-19.754971	0.000000	0.000000
-19.734971	0.000000	0.000000
-19.714971	0.000000	0.000000
-19.694971	0.000000	0.000000
-19.674971	0.000000	0.000000
-19.654971	0.000000	0.000000
-19.634971	0.000000	0.000000
-19.614871	0.000000	0.000000
-19.594871	0.000000	0.000000
-19.574871	0.000000	0.000000
-19.554871	0.000000	0.000000
-19.534871	0.000000	0.000000
-19.514871	0.000000	0.000000
-19.494871	0.000000	0.000000
-19.474871	0.000000	0.000000
-19.454871	0.000000	0.000000
-19.434871	0.000000	0.000000
-19.414771	0.000000	0.000000
-19.394771	0.000000	0.000000
-19.374771	0.000000	0.000000
-19.354771	0.000000	0.000000
-19.334771	0.000000	0.000000
-19.314771	0.000000	0.000000
-19.294771	0.000000	0.000000
-19.274771	0.000000	0.000000
-19.254771	0.000000	0.000000
-19.234771	0.000000	0.000000
-19.214671	0.000000	0.000000
-19.194671	0.000000	0.000000
-19.174671	0.000000	0.000000
-19.154671	0.000000	0.000000
-19.134671	0.000000	0.000000
-19.114671	0.000000	0.000000
-19.094671	0.000000	0.000000
-19.074671	0.000000	0.000000
-19.054671	0.000000	0.000000
-19.034671	0.000000	0.000000
-19.014571	0.000000	0.000000
-18.994571	0.000000	0.000000
-18.974571	0.000000	0.000000
-18.954571	0.000000	0.000000
-18.934571	0.000000	0.000000
-18.914571	0.000000	0.000000
-18.894571	0.000000	0.000000
-18.874571	0.000000	0.000000
-18.854571	0.000000	0.000000
-18.834571	0.000000	0.000000
-18.814471	0.000000	0.000000
-18.794471	0.000000	0.000000
-18.774471	0.000000	0.000000
-18.754471	0.000000	0.000000
-18.734471	0.000000	0.000000
-18.714471	0.000000	0.000000
-18.694471	0.000000	0.000000
-18.674471	0.000000	0.000000
-18.654471	0.000000	0.000000
-18.634471	0.000000	0.000000
-18.614371	0.000000	0.000000
-18.594371	0.000000	0.000000
-18.574371	0.000000	0.000000
-18.554371	0.000000	0.000000
-18.534371	0.000000	0.000000
-18.514371	0.000000	0.000000
-18.494371	0.000000	0.000000
-18.474371	0.000000	0.000000
-18.454371	0.000000	0.000000
-18.434371	0.000000	0.000000
-18.414271	0.000000	0.000000
-18.394271	0.000000	0.000000
-18.374271	0.000000	0.000000
-18.354271	0.000000	0.000000
-18.334271	0.000000	0.000000
-18.314271	0.000000	0.000000
-18.294271	0.000000	0.000000
-18.274271	0.000000	0.000000
-18.254271	0.000000	0.000000
-18.234271	0.000000	0.000000
-18.214171	0.000000	0.000000
-18.194171	0.000000	0.000000
-18.174171	0.000000	0.000000
-18.154171	0.000000	0.000000
-18.134171	0.000000	0.000000
-18.114171	0.000000	0.000000
-18.094171	0.000000	0.000000
-18.074171	0.000000	0.000000
-18.054171	0.000000	0.000000
-18.034171	0.000000	0.000000
-18.014071	0.000000	0.000000
-17.994071	0.000000	0.000000
-17.974071	0.000000	0.000000
-17.954071	0.000000	0.000000
-17.934071	0.000000	0.000000
-17.914071	0.000000	0.000000
-17.894071	0.000000	0.000000
-17.874071	0.000000	0.000000
-17.854071	0.000000	0.000000
-17.834071	0.000000	0.000000
-17.813971	0.000000	0.000000
-17.793971	0.000000	0.000000
-17.773971	0.000000	0.000000
-17.753971	0.000000	0.000000
-17.733971	0.000000	0.000000
-17.713971	0.000000	0.000000
-17.693971	0.000000	0.000000
-17.673971	0.000000	0.000000
-17.653971	0.000000	0.000000
-17.633971	0.000000	0.000000
-17.613871	0.000000	0.000000
-17.593871	0.000000	0.000000
-17.573871	0.000000	0.000000
-17.553871	0.000000	0.000000
-17.533871	0.000000	0.000000
-17.513871	0.000000	0.000000
-17.493871	0.000000	0.000000
-17.473871	0.000000	0.000000
-17.453871	0.000000	0.000000
-17.433871	0.000000	0.000000
-17.413771	0.000000	0.000000
-17.393771	0.000000	0.000000
-17.373771	0.000000	0.000000
-17.353771	0.000000	0.000000
-17.333771	0.000000	0.000000
-17.313771	0.000000	0.000000
-17.293771	0.000000	0.000000
-17.273771	0.000000	0.000000
-17.253771	0.000000	0.000000
-17.233771	0.000000	0.000000
-17.213671	0.000000	0.000000
-17.193671	0.000000	0.000000
-17.173671	0.000000	0.000000
-17.153671	0.000000	0.000000
-17.133671	0.000000	0.000000
-17.113671	0.000000	0.000000
-17.093671	0.000000	0.000000
-17.073671	0.000000	0.000000
-17.053671	0.000000	0.000000
-17.033671	0.000000	0.000000
-17.013571	0.000000	0.000000
-16.993571	0.000000	0.000000
-16.973571	0.000000	0.000000
-16.953571	0.000000	0.000000
-16.933571	0.000000	0.000000
-16.913571	0.000000	0.000000
-16.893571	0.000000	0.000000
-16.873571	0.000000	0.000000
-16.853571	0.000000	0.000000
-16.833571	0.000000	0.000000
-16.813471	0.000000	0.000000
-16.793471	0.000000	0.000000
-16.773471	0.000000	0.000000
-16.753471	0.000000	0.000000
-16.733471	0.000000	0.000000
-16.713471	0.000000	0.000000
-16.693471	0.000000	0.000000
-16.673471	0.000000	0.000000
-16.653471	0.000000	0.000000
-16.633471	0.000000	0.000000
-16.613371	0.000000	0.000000
-16.593371	0.000000	0.000000
-16.573371	0.000000	0.000000
-16.553371	0.000000	0.000000
-16.533371	0.000000	0.000000
-16.513371	0.000000	0.000000
-16.493371	0.000000	0.000000
-16.473371	0.000000	0.000000
-16.453371	0.000000	0.000000
-16.433371	0.000000	0.000000
-16.413271	0.000000	0.000000
-16.393271	0.000000	0.000000
-16.373271	0.000000	0.000000
-16.353271	0.000000	0.000000
-16.333271	0.000000	0.000000
-16.313271	0.000000	0.000000
-16.293271	0.000000	0.000000
-16.273271	0.000000	0.000000
-16.253271	0.000000	0.000000
-16.233271	0.000000	0.000000
-16.213171	0.000000	0.000000
-16.193171	0.000000	0.000000
-16.173171	0.000000	0.000000
-16.153171	0.000000	0.000000
-16.133171	0.000000	0.000000
-16.113171	0.000000	0.000000
-16.093171	0.000000	0.000000
-16.073171	0.000000	0.000000
-16.053171	0.000000	0.000000
-16.033171	0.000000	0.000000
-16.013071	0.000000	0.000000
-15.993071	0.000000	0.000000
-15.973071	0.000000	0.000000
-15.953071	0.000000	0.000000
-15.933071	0.000000	0.000000
-15.913071	0.000000	0.000000
-15.893071	0.000000	0.000000
-15.873071	0.000000	0.000000
-15.853071	0.000000	0.000000
-15.833071	0.000000	0.000000
-15.812971	0.000000	0.000000
-15.792971	0.000000	0.000000
-15.772971	0.000000	0.000000
-15.752971	0.000000	0.000000
-15.732971	0.000000	0.000000
-15.712971	0.000000	0.000000
-15.692971	0.000000	0.000000
-15.672971	0.000000	0.000000
-15.652971	0.000000	0.000000
-15.632971	0.000000	0.000000
-15.612871	0.000000	0.000000
-15.592871	0.000000	0.000000
-15.572871	0.000000	0.000000
-15.552871	0.000000	0.000000
-15.532871	0.000000	0.000000
-15.512871	0.000000	0.000000
-15.492871	0.000000	0.000000
-15.472871	0.000000	0.000000
-15.452871	0.000000	0.000000
-15.432871	0.000000	0.000000
-15.412771	0.000000	0.000000
-15.392771	0.000000	0.000000
-15.372771	0.000000	0.000000
-15.352771	0.000000	0.000000
-15.332771	0.000000	0.000000
-15.312771	0.000000	0.000000
-15.292771	0.000000	0.000000
-15.272771	0.000000	0.000000
-15.252771	0.000000	0.000000
-15.232771	0.000000	0.000000
-15.212671	0.000000	0.000000
-15.192671	0.000000	0.000000
-15.172671	0.000000	0.000000
-15.152671	0.000000	0.000000
-15.132671	0.000000	0.000000
-15.112671	0.000000	0.000000
-15.092671	0.000000	0.000000
-15.072671	0.000000	0.000000
-15.052671	0.000000	0.000000
-15.032671	0.000000	0.000000
-15.012571	0.000000	0.000000
-14.992571	0.000000	0.000000
-14.972571	0.000000	0.000000
-14.952571	0.000000	0.000000
-14.932571	0.000000	0.000000
-14.912571	0.000000	0.000000
-14.892571	0.000000	0.000000
-14.872571	0.000000	0.000000
-14.852571	0.000000	0.000000
-14.832571	0.000000	0.000000
-14.812471	0.000000	0.000000
-14.792471	0.000000	0.000000
-14.772471	0.000000	0.000000
-14.752471	0.000000	0.000000
-14.732471	0.000000	0.000000
-14.712471	0.000000	0.000000
-14.692471	0.000000	0.000000
-14.672471	0.000000	0.000000
-14.652471	0.000000	0.000000
-14.632471	0.000000	0.000000
-14.612371	0.000000	0.000000
-14.592371	0.000000	0.000000
-14.572371	0.000000	0.000000
-14.552371	0.000000	0.000000
-14.532371	0.000000	0.000000
-14.512371	0.000000	0.000000
-14.492371	0.000000	0.000000
-14.472371	0.000000	0.000000
-14.452371	0.000000	0.000000
-14.432371	0.000000	0.000000
-14.412271	0.000000	0.000000
-14.392271	0.000000	0.000000
-14.372271	0.000000	0.000000
-14.352271	0.000000	0.000000
-14.332271	0.000000	0.000000
-14.312271	0.000000	0.000000
-14.292271	0.000000	0.000000
-14.272271	0.000000	0.000000
-14.252271	0.000000	0.000000
-14.232271	0.000000	0.000000
-14.212171	0.000000	0.000000
-14.192171	0.000000	0.000000
-14.172171	0.000000	0.000000
-14.152171	0.000000	0.000000
-14.132171	0.000000	0.000000
-14.112171	0.000000	0.000000
-14.092171	0.000000	0.000000
-14.072171	0.000000	0.000000
-14.052171	0.000000	0.000000
-14.032171	0.000000	0.000000
-14.012071	0.000000	0.000000
-13.992071	0.000000	0.000000
-13.972071	0.000000	0.000000
-13.952071	0.000000	0.000000
-13.932071	0.000000	0.000000
-13.912071	0.000000	0.000000
-13.892071	0.000000	0.000000
-13.872071	0.000000	0.000000
-13.852071	0.000000	0.000000
-13.832071	0.000000	0.000000
-13.811971	0.000000	0.000000
-13.791971	0.000001	0.000000
-13.771971	0.000028	0.000008
-13.751971	0.000061	0.000018
-13.731971	0.000127	0.000038
-13.711971	0.000255	0.000077
-13.691971	0.000493	0.000149
-13.671971	0.000916	0.000278
-13.651971	0.001635	0.000495
-13.631971	0.002803	0.000849
-13.611871	0.004618	0.001399
-13.591871	0.007310	0.002215
-13.571871	0.011118	0.003368
-13.551871	0.016247	0.004922
-13.531871	0.022810	0.006910
-13.511871	0.030769	0.009320
-13.491871	0.039877	0.012079
-13.471871	0.049655	0.015041
-13.451871	0.059405	0.017994
-13.431871	0.068283	0.020683
-13.411771	0.075410	0.022841
-13.391771	0.080015	0.024235
-13.371771	0.081571	0.024706
-13.351771	0.079896	0.024199
-13.331771	0.075186	0.022772
-13.311771	0.067978	0.020588
-13.291771	0.059051	0.017884
-13.271771	0.049284	0.014926
-13.251771	0.039519	0.011968
-13.231771	0.030445	0.009220
-13.211671	0.022535	0.006825
-13.191671	0.016026	0.004853
-13.171671	0.010950	0.003316
-13.151671	0.007188	0.002177
-13.131671	0.004533	0.001373
-13.111671	0.002747	0.000832
-13.091671	0.001599	0.000484
-13.071671	0.000895	0.000271
-13.051671	0.000481	0.000146
-13.031671	0.000248	0.000075
-13.011571	0.000123	0.000037
-12.991571	0.000059	0.000018
-12.971571	0.000027	0.000008
-12.951571	0.000000	0.000000
-12.931571	0.000000	0.000000
-12.911571	0.000000	0.000000
-12.891571	0.000000	0.000000
-12.871571	0.000000	0.000000
-12.851571	0.000000	0.000000
-12.831571	0.000000	0.000000
-12.811471	0.000000	0.000000
-12.791471	0.000000	0.000000
-12.771471	0.000000	0.000000
-12.751471	0.000000	0.000000
-12.731471	0.000000	0.000000
-12.711471	0.000000	0.000000
-12.691471	0.000000	0.000000
-12.671471	0.000000	0.000000
-12.651471	0.000000	0.000000
-12.631471	0.000000	0.000000
-12.611371	0.000000	0.000000
-12.591371	0.000000	0.000000
-12.571371	0.000000	0.000000
-12.551371	0.000000	0.000000
-12.531371	0.000000	0.000000
-12.511371	0.000000	0.000000
-12.491371	0.000000	0.000000
-12.471371	0.000000	0.000000
-12.451371	0.000000	0.000000
-12.431371	0.000000	0.000000
-12.411271	0.000000	0.000000
-12.391271	0.000000	0.000000
-12.371271	0.000000	0.000000
-12.351271	0.000000	0.000000
-12.331271	0.000000	0.000000
-12.311271	0.000000	0.000000
-12.291271	0.000000	0.000000
-12.271271	0.000000	0.000000
-12.251271	0.000000	0.000000
-12.231271	0.000000	0.000000
-12.211171	0.000000	0.000000
-12.191171	0.000000	0.000000
-12.171171	0.000000	0.000000
-12.151171	0.000000	0.000000
-12.131171	0.000000	0.000000
-12.111171	0.000000	0.000000
-12.091171	0.000000	0.000000
-12.071171	0.000000	0.000000
-12.051171	0.000000	0.000000
-12.031171	0.000000	0.000000
-12.011071	0.000000	0.000000
-11.991071	0.000000	0.000000
-11.971071	0.000000	0.000000
-11.951071	0.000000	0.000000
-11.931071	0.000000	0.000000
-11.911071	0.000000	0.000000
-11.891071	0.000000	0.000000
-11.871071	0.000000	0.000000
-11.851071	0.000000	0.000000
-11.831071	0.000000	0.000000
-11.810971	0.000000	0.000000
-11.790971	0.000000	0.000000
-11.770971	0.000000	0.000000
-11.750971	0.000000	0.000000
-11.730971	0.000000	0.000000
-11.710971	0.000000	0.000000
-11.690971	0.000000	0.000000
-11.670971	0.000000	0.000000
-11.650971	0.000000	0.000000
-11.630971	0.000000	0.000000
-11.610871	0.000000	0.000000
-11.590871	0.000000	0.000000
-11.570871	0.000000	0.000000
-11.550871	0.000000	0.000000
-11.530871	0.000000	0.000000
-11.510871	0.000000	0.000000
-11.490871	0.000000	0.000000
-11.470871	0.000000	0.000000
-11.450871	0.000000	0.000000
-11.430871	0.000000	0.000000
-11.410771	0.000000	0.000000
-11.390771	0.000000	0.000000
-11.370771	0.000000	0.000000
-11.350771	0.000000	0.000000
-11.330771	0.000000	0.000000
-11.310771	0.000000	0.000000
-11.290771	0.000000	0.000000
-11.270771	0.000000	0.000000
-11.250771	0.000000	0.000000
-11.230771	0.000000	0.000000
-11.210671	0.000000	0.000000
-11.190671	0.000000	0.000000
-11.170671	0.000000	0.000000
-11.150671	0.000000	0.000000
-11.130671	0.000000	0.000000
-11.110671	0.000000	0.000000
-11.090671	0.000000	0.000000
-11.070671	0.000000	0.000000
-11.050671	0.000000	0.000000
-11.030671	0.000000	0.000000
-11.010571	0.000000	0.000000
-10.990571	0.000000	0.000000
-10.970571	0.000000	0.000000
-10.950571	0.000000	0.000000
-10.930571	0.000000	0.000000
-10.910571	0.000000	0.000000
-10.890571	0.000000	0.000000
-10.870571	0.000000	0.000000
-10.850571	0.000000	0.000000
-10.830571	0.000000	0.000000
-10.810471	0.000000	0.000000
-10.790471	0.000000	0.000000
-10.770471	0.000000	0.000000
-10.750471	0.000000	0.000000
-10.730471	0.000000	0.000000
-10.710471	0.000000	0.000000
-10.690471	0.000000	0.000000
-10.670471	0.000000	0.000000
-10.650471	0.000000	0.000000
-10.630471	0.000000	0.000000
-10.610371	0.000000	0.000000
-10.590371	0.000000	0.000000
-10.570371	0.000000	0.000000
-10.550371	0.000000	0.000000
-10.530371	0.000000	0.000000
-10.510371	0.000000	0.000000
-10.490371	0.000000	0.000000
-10.470371	0.000000	0.000000
-10.450371	0.000000	0.000000
-10.430371	0.000000	0.000000
-10.410271	0.000000	0.000000
-10.390271	0.000000	0.000000
-10.370271	0.000000	0.000000
-10.350271	0.000000	0.000000
-10.330271	0.000000	0.000000
-10.310271	0.000000	0.000000
-10.290271	0.000000	0.000000
-10.270271	0.000000	0.000000
-10.250271	0.000000	0.000000
-10.230271	0.000000	0.000000
-10.210171	0.000000	0.000000
-10.190171	0.000000	0.000000
-10.170171	0.000000	0.000000
-10.150171	0.000000	0.000000
-10.130171	0.000000	0.000000
-10.110171	0.000000	0.000000
-10.090171	0.000000	0.000000
-10.070171	0.000000	0.000000
-10.050171	0.000000	0.000000
-10.030171	0.000000	0.000000
-10.010071	0.000000	0.000000
-9.990071	0.000000	0.000000
-9.970071	0.000000	0.000000
-9.950071	0.000000	0.000000
-9.930071	0.000000	0.000000
-9.910071	0.000000	0.000000
-9.890071	0.000000	0.000000
-9.870071	0.000000	0.000000
-9.850071	0.000000	0.000000
-9.830071	0.000000	0.000001
-9.809971	0.000000	0.000002
-9.789971	0.000000	0.000004
-9.769971	0.000000	0.000007
-9.749971	0.000001	0.000014
-9.729971	0.000001	0.000027
-9.709971	0.000003	0.000048
-9.689971	0.000004	0.000083
-9.669971	0.000008	0.000139
-9.649971	0.000012	0.000226
-9.629971	0.000020	0.000354
-9.609871	0.000030	0.000540
-9.589871	0.000045	0.000798
-9.569871	0.000066	0.001146
-9.549871	0.000093	0.001603
-9.529871	0.000128	0.002185
-9.509871	0.000172	0.002904
-9.489871	0.000226	0.003773
-9.469871	0.000290	0.004798
-9.449871	0.000364	0.005984
-9.429871	0.000450	0.007331
-9.409771	0.000547	0.008841
-9.389771	0.000657	0.010518
-9.369771	0.000780	0.012367
-9.349771	0.000918	0.014400
-9.329771	0.001073	0.016633
-9.309771	0.001248	0.019084
-9.289771	0.001444	0.021773
-9.269771	0.001664	0.024719
-9.249771	0.001910	0.027935
-9.229771	0.002182	0.031427
-9.209671	0.002481	0.035192
-9.189671	0.002805	0.039231
-9.169671	0.003159	0.043574
-9.149671	0.003544	0.048256
-9.129671	0.003957	0.053245
-9.109671	0.004411	0.058701
-9.089671	0.004924	0.064845
-9.069671	0.005528	0.072044
-9.049671	0.006274	0.080931
-9.029671	0.007229	0.092278
-9.009571	0.008488	0.107219
-8.989571	0.010165	0.127116
-8.969571	0.012391	0.153481
-8.949571	0.015289	0.187785
-8.929571	0.018959	0.231179
-8.909571	0.023445	0.284156
-8.889571	0.028711	0.346226
-8.869571	0.034618	0.415698
-8.849571	0.040926	0.489644
-8.829571	0.047309	0.564116
-8.809471	0.053396	0.634602
-8.789471	0.058821	0.696656
-8.769471	0.063278	0.746561
-8.749471	0.066569	0.781865
-8.729471	0.068621	0.801667
-8.709471	0.069491	0.806595
-8.689471	0.069331	0.798504
-8.669471	0.068354	0.779997
-8.649471	0.066786	0.753906
-8.629471	0.064834	0.722868
-8.609371	0.062661	0.689049
-8.589371	0.060383	0.654049
-8.569371	0.058070	0.618933
-8.549371	0.055760	0.584341
-8.529371	0.053469	0.550615
-8.509371	0.051200	0.517905
-8.489371	0.048954	0.486252
-8.469371	0.046732	0.455642
-8.449371	0.044538	0.426050
-8.429371	0.042382	0.397470
-8.409271	0.040278	0.369943
-8.389271	0.038251	0.343574
-8.369271	0.036327	0.318515
-8.349271	0.034534	0.294961
-8.329271	0.032898	0.273145
-8.309271	0.031445	0.253317
-8.289271	0.030177	0.235532
-8.269271	0.029093	0.219849
-8.249271	0.028179	0.206224
-8.229271	0.027409	0.194490
-8.209171	0.026757	0.184499
-8.189171	0.026189	0.175948
-8.169171	0.025674	0.168560
-8.149171	0.025186	0.162067
-8.129171	0.024704	0.156229
-8.109171	0.024215	0.150851
-8.089171	0.023713	0.145781
-8.069171	0.023195	0.140913
-8.049171	0.022662	0.136176
-8.029171	0.022116	0.131526
-8.009071	0.021561	0.126942
-7.989071	0.021000	0.122412
-7.969071	0.020436	0.117932
-7.949071	0.019871	0.113503
-7.929071	0.019308	0.109126
-7.909071	0.018747	0.104803
-7.889071	0.018191	0.100538
-7.869071	0.017644	0.096333
-7.849071	0.017110	0.092194
-7.829071	0.016595	0.088127
-7.808971	0.016108	0.084142
-7.788971	0.015664	0.080251
-7.768971	0.015278	0.076469
-7.748971	0.014976	0.072818
-7.728971	0.014782	0.069310
-7.708971	0.014727	0.065969
-7.688971	0.014845	0.062812
-7.668971	0.015167	0.059857
-7.648971	0.015724	0.057123
-7.628971	0.016542	0.054629
-7.608871	0.017640	0.052405
-7.588871	0.019031	0.050491
-7.568871	0.020723	0.048948
-7.548871	0.022722	0.047855
-7.528871	0.025035	0.047308
-7.508871	0.027676	0.047409
-7.488871	0.030663	0.048249
-7.468871	0.034021	0.049888
-7.448871	0.037775	0.052335
-7.428871	0.041945	0.055530
-7.408771	0.046539	0.059345
-7.388771	0.051543	0.063590
-7.368771	0.056920	0.068037
-7.348771	0.062604	0.072441
-7.328771	0.068499	0.076577
-7.308771	0.074479	0.080252
-7.288771	0.080391	0.083321
-7.268771	0.086053	0.085684
-7.248771	0.091267	0.087278
-7.228771	0.095827	0.088076
-7.208671	0.099534	0.088060
-7.188671	0.102218	0.087239
-7.168671	0.103758	0.085649
-7.148671	0.104101	0.083361
-7.128671	0.103273	0.080499
-7.108671	0.101384	0.077247
-7.088671	0.098632	0.073877
-7.068671	0.095285	0.070739
-7.048671	0.091657	0.068235
-7.028671	0.088126	0.066890
-7.008571	0.085119	0.067337
-6.988571	0.083132	0.070260
-6.968571	0.082622	0.076410
-6.948571	0.084146	0.086604
-6.928571	0.088316	0.101673
-6.908571	0.095808	0.122429
-6.888571	0.107369	0.149605
-6.868571	0.123826	0.183816
-6.848571	0.146075	0.225489
-6.828571	0.175041	0.274788
-6.808471	0.211595	0.331509
-6.788471	0.256428	0.394972
-6.768471	0.309856	0.463903
-6.748471	0.371604	0.536353
-6.728471	0.440586	0.609689
-6.708471	0.514744	0.680686
-6.688471	0.591022	0.745758
-6.668471	0.665505	0.801298
-6.648471	0.733762	0.844105
-6.628471	0.791363	0.871828
-6.608371	0.834493	0.883321
-6.588371	0.860532	0.878850
-6.568371	0.868494	0.860087
-6.548371	0.859216	0.829895
-6.528371	0.835239	0.791938
-6.508371	0.800432	0.750191
-6.488371	0.759424	0.708459
-6.468371	0.716977	0.669970
-6.448371	0.677400	0.637109
-6.428371	0.644108	0.611299
-6.408271	0.619419	0.593053
-6.388271	0.604461	0.582086
-6.368271	0.599259	0.577486
-6.348271	0.602917	0.577898
-6.328271	0.613850	0.581707
-6.308271	0.630022	0.587179
-6.288271	0.649197	0.592598
-6.268271	0.669144	0.596367
-6.248271	0.687831	0.597112
-6.228271	0.703563	0.593755
-6.208171	0.715034	0.585494
-6.188171	0.721373	0.571862
-6.168171	0.722121	0.552741
-6.148171	0.717255	0.528288
-6.128171	0.707001	0.498909
-6.108171	0.691904	0.465268
-6.088171	0.672801	0.428263
-6.068171	0.650796	0.388990
-6.048171	0.627246	0.348705
-6.028171	0.603653	0.308738
-6.008071	0.581576	0.270397
-5.988071	0.562513	0.234852
-5.968071	0.547751	0.203026
-5.948071	0.538275	0.175520
-5.928071	0.534738	0.152588
-5.908071	0.537496	0.134156
-5.888071	0.546708	0.119900
-5.868071	0.562474	0.109339
-5.848071	0.584932	0.101937
-5.828071	0.614344	0.097192
-5.807971	0.651082	0.094683
-5.787971	0.695532	0.094094
-5.767971	0.747951	0.095196
-5.747971	0.808314	0.097819
-5.727971	0.876171	0.101807
-5.707971	0.950621	0.106990
-5.687971	1.030331	0.113159
-5.667971	1.113644	0.120065
-5.647971	1.198739	0.127436
-5.627971	1.283770	0.134986
-5.607871	1.366940	0.142450
-5.587871	1.446485	0.149568
-5.567871	1.520661	0.156119
-5.547871	1.587680	0.161913
-5.527871	1.645693	0.166777
-5.507871	1.692861	0.170562
-5.487871	1.727505	0.173140
-5.467871	1.748356	0.174419
-5.447871	1.754755	0.174351
-5.427871	1.746830	0.172939
-5.407771	1.725544	0.170243
-5.387771	1.692626	0.166373
-5.367771	1.650385	0.161476
-5.347771	1.601467	0.155721
-5.327771	1.548574	0.149280
-5.307771	1.494216	0.142318
-5.287771	1.440511	0.134988
-5.267771	1.389058	0.127424
-5.247771	1.340873	0.119746
-5.227771	1.296420	0.112065
-5.207671	1.255679	0.104482
-5.187671	1.218304	0.097096
-5.167671	1.183747	0.089999
-5.147671	1.151446	0.083275
-5.127671	1.120958	0.076999
-5.107671	1.092039	0.071230
-5.087671	1.064660	0.066010
-5.067671	1.038963	0.061358
-5.047671	1.015187	0.057271
-5.027671	0.993519	0.053723
-5.007571	0.973968	0.050664
-4.987571	0.956349	0.048024
-4.967571	0.940314	0.045725
-4.947571	0.925404	0.043684
-4.927571	0.911203	0.041820
-4.907571	0.897517	0.040069
-4.887571	0.884527	0.038385
-4.867571	0.872922	0.036749
-4.847571	0.863936	0.035170
-4.827571	0.859197	0.033683
-4.807471	0.860500	0.032347
-4.787471	0.869380	0.031232
-4.767471	0.886706	0.030415
-4.747471	0.912211	0.029966
-4.727471	0.944309	0.029942
-4.707471	0.980188	0.030386
-4.687471	1.015943	0.031317
-4.667471	1.047616	0.032749
-4.647471	1.071824	0.034685
-4.627471	1.086749	0.037128
-4.607371	1.092709	0.040086
-4.587371	1.092549	0.043572
-4.567371	1.091347	0.047606
-4.547371	1.095726	0.052199
-4.527371	1.112780	0.057345
-4.507371	1.148874	0.063007
-4.487371	1.208324	0.069094
-4.467371	1.292586	0.075451
-4.447371	1.399663	0.081851
-4.427371	1.524057	0.087991
-4.407271	1.657317	0.093517
-4.387271	1.789058	0.098044
-4.367271	1.908273	0.101209
-4.347271	2.004920	0.102718
-4.327271	2.071336	0.102392
-4.307271	2.103327	0.100203
-4.287271	2.100673	0.096286
-4.267271	2.067089	0.090927
-4.247271	2.009337	0.084523
-4.227271	1.936087	0.077533
-4.207171	1.856486	0.070416
-4.187171	1.779078	0.063591
-4.167171	1.710190	0.057370
-4.147171	1.654308	0.051975
-4.127171	1.613722	0.047528
-4.107171	1.589165	0.044064
-4.087171	1.580540	0.041574
-4.067171	1.587571	0.040021
-4.047171	1.610303	0.039374
-4.027171	1.649247	0.039612
-4.007071	1.705155	0.040728
-3.987071	1.778563	0.042716
-3.967071	1.869172	0.045544
-3.947071	1.975231	0.049131
-3.927071	2.093217	0.053324
-3.907071	2.217713	0.057883
-3.887071	2.341734	0.062483
-3.867071	2.457625	0.066745
-3.847071	2.557647	0.070262
-3.827071	2.635386	0.072670
-3.806971	2.686487	0.073693
-3.786971	2.709352	0.073197
-3.766971	2.705079	0.071203
-3.746971	2.677256	0.067894
-3.726971	2.631201	0.063576
-3.706971	2.572966	0.058631
-3.686971	2.508598	0.053457
-3.666971	2.443525	0.048417
-3.646971	2.382180	0.043799
-3.626971	2.328068	0.039796
-3.606871	2.283890	0.036512
-3.586871	2.251707	0.033972
-3.566871	2.232921	0.032138
-3.546871	2.228290	0.030936
-3.526871	2.237637	0.030261
-3.506871	2.259792	0.029999
-3.486871	2.292439	0.030024
-3.466871	2.332327	0.030212
-3.446871	2.375490	0.030445
-3.426871	2.417809	0.030619
-3.406771	2.455430	0.030649
-3.386771	2.485222	0.030480
-3.366771	2.504941	0.030083
-3.346771	2.513729	0.029473
-3.326771	2.511227	0.028671
-3.306771	2.498011	0.027723
-3.286771	2.474996	0.026678
-3.266771	2.443401	0.025587
-3.246771	2.404633	0.024492
-3.226771	2.360369	0.023424
-3.206671	2.312762	0.022408
-3.186671	2.264440	0.021462
-3.166671	2.218669	0.020605
-3.146671	2.179134	0.019857
-3.126671	2.149609	0.019242
-3.106671	2.133467	0.018785
-3.086671	2.133088	0.018512
-3.066671	2.149421	0.018437
-3.046671	2.181637	0.018564
-3.026671	2.227065	0.018872
-3.006571	2.281334	0.019324
-2.986571	2.338898	0.019857
-2.966571	2.393559	0.020395
-2.946571	2.439213	0.020852
-2.926571	2.470447	0.021148
-2.906571	2.483146	0.021219
-2.886571	2.474949	0.021029
-2.866571	2.445351	0.020578
-2.846571	2.395742	0.019899
-2.826571	2.329147	0.019060
-2.806471	2.249781	0.018150
-2.786471	2.162498	0.017266
-2.766471	2.072156	0.016500
-2.746471	1.983039	0.015929
-2.726471	1.898432	0.015597
-2.706471	1.820399	0.015518
-2.686471	1.749667	0.015672
-2.666471	1.686487	0.016011
-2.646471	1.629221	0.016457
-2.626471	1.576956	0.016925
-2.606371	1.528691	0.017327
-2.586371	1.484117	0.017584
-2.566371	1.443980	0.017642
-2.546371	1.410295	0.017472
-2.526371	1.386511	0.017087
-2.506371	1.377485	0.016533
-2.486371	1.389194	0.015891
-2.466371	1.428305	0.015265
-2.446371	1.501091	0.014766
-2.426371	1.612278	0.014494
-2.406271	1.763554	0.014521
-2.386271	1.952165	0.014874
-2.366271	2.170180	0.015525
-2.346271	2.404288	0.016397
-2.326271	2.637099	0.017364
-2.306271	2.849095	0.018282
-2.286271	3.021767	0.019006
-2.266271	3.140566	0.019415
-2.246271	3.197319	0.019436
-2.226271	3.191504	0.019051
-2.206171	3.130057	0.018296
-2.186171	3.025605	0.017251
-2.166171	2.893972	0.016019
-2.146171	2.751322	0.014711
-2.126171	2.611694	0.013425
-2.106171	2.485365	0.012236
-2.086171	2.378218	0.011191
-2.066171	2.291996	0.010314
-2.046171	2.225169	0.009604
-2.026171	2.174107	0.009053
-2.006071	2.134199	0.008643
-1.986071	2.100876	0.008357
-1.966071	2.070343	0.008180
-1.946071	2.039938	0.008100
-1.926071	2.008361	0.008112
-1.906071	1.975447	0.008211
-1.886071	1.942005	0.008393
-1.866071	1.909421	0.008657
-1.846071	1.879051	0.009000
-1.826071	1.853019	0.009424
-1.805971	1.832035	0.009925
-1.785971	1.816973	0.010502
-1.765971	1.808189	0.011153
-1.745971	1.805580	0.011871
-1.725971	1.808671	0.012647
-1.705971	1.816547	0.013461
-1.685971	1.827873	0.014285
-1.665971	1.840928	0.015082
-1.645971	1.853626	0.015805
-1.625971	1.863733	0.016407
-1.605871	1.869049	0.016841
-1.585871	1.867662	0.017069
-1.565871	1.858268	0.017069
-1.545871	1.840360	0.016837
-1.525871	1.814417	0.016393
-1.505871	1.781879	0.015772
-1.485871	1.745152	0.015028
-1.465871	1.707093	0.014220
-1.445871	1.670624	0.013408
-1.425871	1.638313	0.012645
-1.405771	1.611882	0.011971
-1.385771	1.591867	0.011409
-1.365771	1.577730	0.010965
-1.345771	1.568005	0.010633
-1.325771	1.560991	0.010394
-1.305771	1.555247	0.010227
-1.285771	1.550310	0.010114
-1.265771	1.546997	0.010042
-1.245771	1.547416	0.010009
-1.225771	1.554533	0.010020
-1.205671	1.571607	0.010086
-1.185671	1.601402	0.010218
-1.165671	1.645513	0.010424
-1.145671	1.703961	0.010707
-1.125671	1.775128	0.011058
-1.105671	1.856058	0.011464
-1.085671	1.942989	0.011904
-1.065671	2.031955	0.012361
-1.045671	2.119314	0.012815
-1.025671	2.202013	0.013255
-1.005571	2.277733	0.013673
-0.985571	2.344594	0.014063
-0.965571	2.401011	0.014420
-0.945571	2.445355	0.014736
-0.925571	2.475893	0.014998
-0.905571	2.490745	0.015192
-0.885571	2.488154	0.015299
-0.865571	2.466710	0.015305
-0.845571	2.425695	0.015199
-0.825571	2.365308	0.014981
-0.805471	2.286807	0.014660
-0.785471	2.192493	0.014255
-0.765471	2.085572	0.013791
-0.745471	1.969917	0.013293
-0.725471	1.849749	0.012787
-0.705471	1.729292	0.012294
-0.685471	1.612412	0.011825
-0.665471	1.502307	0.011386
-0.645471	1.401223	0.010973
-0.625471	1.310437	0.010581
-0.605371	1.230075	0.010198
-0.585371	1.159355	0.009814
-0.565371	1.096878	0.009420
-0.545371	1.040889	0.009009
-0.525371	0.989693	0.008580
-0.505371	0.941890	0.008136
-0.485371	0.896655	0.007685
-0.465371	0.853652	0.007236
-0.445371	0.813020	0.006801
-0.425371	0.775175	0.006389
-0.405271	0.740605	0.006008
-0.385271	0.709591	0.005662
-0.365271	0.682111	0.005351
-0.345271	0.657797	0.005071
-0.325271	0.635970	0.004816
-0.305271	0.615798	0.004578
-0.285271	0.596408	0.004352
-0.265271	0.577034	0.004132
-0.245271	0.557166	0.003915
-0.225271	0.536592	0.003702
-0.205171	0.515423	0.003494
-0.185171	0.494011	0.003295
-0.165171	0.472928	0.003110
-0.145171	0.452864	0.002942
-0.125171	0.434579	0.002795
-0.105171	0.418812	0.002671
-0.085171	0.406263	0.002572
-0.065171	0.397555	0.002501
-0.045171	0.393212	0.002459
-0.025171	0.393605	0.002448
-0.005071	0.398889	0.002472
0.014929	0.408970	0.002535
0.034929	0.423412	0.002638
0.054929	0.441399	0.002785
0.074929	0.461736	0.002976
0.094929	0.482931	0.003208
0.114929	0.503300	0.003476
0.134929	0.521183	0.003771
0.154929	0.535145	0.004082
0.174929	0.544204	0.004394
0.195029	0.547909	0.004692
0.215029	0.546425	0.004962
0.235029	0.540447	0.005191
0.255029	0.531050	0.005368
0.275029	0.519484	0.005486
0.295029	0.506955	0.005544
0.315029	0.494474	0.005543
0.335029	0.482753	0.005487
0.355029	0.472194	0.005383
0.375029	0.462937	0.005241
0.395129	0.454945	0.005069
0.415129	0.448106	0.004877
0.435129	0.442303	0.004672
0.455129	0.437457	0.004461
0.475129	0.433543	0.004250
0.495129	0.430566	0.004043
0.515129	0.428555	0.003842
0.535129	0.427546	0.003650
0.555129	0.427595	0.003472
0.575129	0.428779	0.003312
0.595229	0.431254	0.003178
0.615229	0.435269	0.003082
0.635229	0.441197	0.003043
0.655229	0.449508	0.003087
0.675229	0.460755	0.003247
0.695229	0.475507	0.003568
0.715229	0.494234	0.004102
0.735229	0.517224	0.004902
0.755229	0.544444	0.006023
0.775229	0.575452	0.007504
0.795329	0.609334	0.009363
0.815329	0.644688	0.011582
0.835329	0.679673	0.014101
0.855329	0.712147	0.016814
0.875329	0.739848	0.019573
0.895329	0.760621	0.022202
0.915329	0.772654	0.024516
0.935329	0.774686	0.026348
0.955329	0.766154	0.027571
0.975329	0.747256	0.028119
0.995429	0.718919	0.027996
1.015429	0.682674	0.027274
1.035429	0.640477	0.026084
1.055429	0.594477	0.024590
1.075429	0.546802	0.022963
1.095429	0.499355	0.021359
1.115429	0.453672	0.019900
1.135429	0.410841	0.018656
1.155429	0.371493	0.017651
1.175429	0.335855	0.016866
1.195529	0.303846	0.016255
1.215529	0.275202	0.015758
1.235529	0.249598	0.015321
1.255529	0.226744	0.014905
1.275529	0.206451	0.014492
1.295529	0.188648	0.014085
1.315529	0.173375	0.013707
1.335529	0.160725	0.013394
1.355529	0.150807	0.013184
1.375529	0.143697	0.013117
1.395629	0.139405	0.013228
1.415629	0.137858	0.013545
1.435629	0.138908	0.014090
1.455629	0.142344	0.014876
1.475629	0.147909	0.015914
1.495629	0.155313	0.017205
1.515629	0.164239	0.018739
1.535629	0.174348	0.020494
1.555629	0.185247	0.022426
1.575629	0.196494	0.024469
1.595729	0.207578	0.026532
1.615729	0.217922	0.028502
1.635729	0.226923	0.030251
1.655729	0.233968	0.031653
1.675729	0.238521	0.032594
1.695729	0.240183	0.032993
1.715729	0.238763	0.032817
1.735729	0.234310	0.032080
1.755729	0.227125	0.030852
1.775729	0.217725	0.029241
1.795829	0.206777	0.027383
1.815829	0.195005	0.025419
1.835829	0.183104	0.023478
1.855829	0.171656	0.021663
1.875829	0.161082	0.020046
1.895829	0.151623	0.018662
1.915829	0.143350	0.017513
1.935829	0.136201	0.016582
1.955829	0.130026	0.015835
1.975829	0.124637	0.015236
1.995929	0.119844	0.014747
2.015929	0.115489	0.014338
2.035929	0.111466	0.013988
2.055929	0.107741	0.013687
2.075929	0.104350	0.013431
2.095929	0.101404	0.013231
2.115929	0.099083	0.013103
2.135929	0.097639	0.013070
2.155929	0.097378	0.013162
2.175929	0.098649	0.013412
2.196029	0.101814	0.013852
2.216029	0.107205	0.014511
2.236029	0.115079	0.015407
2.256029	0.125553	0.016546
2.276029	0.138551	0.017911
2.296029	0.153755	0.019464
2.316029	0.170592	0.021143
2.336029	0.188259	0.022866
2.356029	0.205783	0.024537
2.376029	0.222131	0.026058
2.396129	0.236322	0.027339
2.416129	0.247552	0.028308
2.436129	0.255280	0.028917
2.456129	0.259275	0.029151
2.476129	0.259620	0.029018
2.496129	0.256660	0.028551
2.516129	0.250925	0.027798
2.536129	0.243043	0.026815
2.556129	0.233652	0.025657
2.576129	0.223335	0.024375
2.596229	0.212578	0.023012
2.616229	0.201757	0.021605
2.636229	0.191135	0.020181
2.656229	0.180884	0.018765
2.676229	0.171101	0.017374
2.696229	0.161825	0.016025
2.716229	0.153057	0.014732
2.736229	0.144770	0.013505
2.756229	0.136913	0.012354
2.776229	0.129418	0.011284
2.796329	0.122206	0.010300
2.816329	0.115196	0.009404
2.836329	0.108334	0.008604
2.856329	0.101556	0.007901
2.876329	0.094867	0.007308
2.896329	0.088330	0.006840
2.916329	0.082092	0.006522
2.936329	0.076377	0.006382
2.956329	0.071489	0.006453
2.976329	0.067797	0.006773
2.996429	0.065709	0.007377
3.016429	0.065632	0.008300
3.036429	0.067940	0.009571
3.056429	0.072923	0.011212
3.076429	0.080758	0.013239
3.096429	0.091473	0.015656
3.116429	0.104917	0.018458
3.136429	0.120745	0.021619
3.156429	0.138422	0.025097
3.176429	0.157238	0.028821
3.196529	0.176356	0.032694
3.216529	0.194873	0.036590
3.236529	0.211908	0.040362
3.256529	0.226679	0.043852
3.276529	0.238587	0.046908
3.296529	0.247264	0.049403
3.316529	0.252597	0.051248
3.336529	0.254717	0.052410
3.356529	0.253959	0.052916
3.376529	0.250791	0.052845
3.396629	0.245746	0.052319
3.416629	0.239345	0.051481
3.436629	0.232038	0.050477
3.456629	0.224171	0.049432
3.476629	0.215971	0.048445
3.496629	0.207566	0.047576
3.516629	0.199010	0.046854
3.536629	0.190321	0.046280
3.556629	0.181522	0.045840
3.576629	0.172664	0.045514
3.596729	0.163842	0.045282
3.616729	0.155195	0.045131
3.636729	0.146891	0.045055
3.656729	0.139103	0.045055
3.676729	0.132015	0.045137
3.696729	0.125747	0.045309
3.716729	0.120383	0.045576
3.736729	0.115945	0.045940
3.756729	0.112408	0.046400
3.776729	0.109689	0.046946
3.796829	0.107671	0.047566
3.816829	0.106207	0.048238
3.836829	0.105148	0.048941
3.856829	0.104350	0.049655
3.876829	0.103690	0.050361
3.896829	0.103068	0.051048
3.916829	0.102417	0.051710
3.936829	0.101699	0.052351
3.956829	0.100907	0.052982
3.976829	0.100054	0.053619
3.996929	0.099164	0.054281
4.016929	0.098264	0.054985
4.036929	0.097373	0.055744
4.056929	0.096490	0.056561
4.076929	0.095593	0.057428
4.096929	0.094642	0.058327
4.116929	0.093578	0.059232
4.136929	0.092339	0.060117
4.156929	0.090877	0.060959
4.176929	0.089166	0.061748
4.197029	0.087215	0.062493
4.217029	0.085075	0.063224
4.237029	0.082830	0.063990
4.257029	0.080588	0.064854
4.277029	0.078462	0.065883
4.297029	0.076555	0.067141
4.317029	0.074943	0.068680
4.337029	0.073669	0.070533
4.357029	0.072741	0.072711
4.377029	0.072140	0.075204
4.397129	0.071828	0.077987
4.417129	0.071759	0.081024
4.437129	0.071891	0.084273
4.457129	0.072191	0.087697
4.477129	0.072640	0.091265
4.497129	0.073230	0.094959
4.517129	0.073966	0.098779
4.537129	0.074858	0.102744
4.557129	0.075921	0.106893
4.577129	0.077170	0.111283
4.597229	0.078623	0.115984
4.617229	0.080299	0.121080
4.637229	0.082215	0.126652
4.657229	0.084390	0.132781
4.677229	0.086844	0.139531
4.697229	0.089592	0.146948
4.717229	0.092642	0.155042
4.737229	0.095987	0.163787
4.757229	0.099600	0.173111
4.777229	0.103421	0.182892
4.797329	0.107363	0.192955
4.817329	0.111299	0.203078
4.837329	0.115073	0.213000
4.857329	0.118502	0.222434
4.877329	0.121388	0.231087
4.897329	0.123538	0.238683
4.917329	0.124776	0.244993
4.937329	0.124971	0.249858
4.957329	0.124047	0.253218
4.977329	0.122006	0.255123
4.997429	0.118932	0.255740
5.017429	0.114991	0.255344
5.037429	0.110413	0.254295
5.057429	0.105477	0.253001
5.077429	0.100475	0.251876
5.097429	0.095683	0.251308
5.117429	0.091337	0.251623
5.137429	0.087616	0.253075
5.157429	0.084632	0.255840
5.177429	0.082439	0.260035
5.197529	0.081043	0.265727
5.217529	0.080414	0.272958
5.237529	0.080506	0.281763
5.257529	0.081263	0.292161
5.277529	0.082626	0.304162
5.297529	0.084537	0.317771
5.317529	0.086935	0.332930
5.337529	0.089752	0.349552
5.357529	0.092913	0.367498
5.377529	0.096335	0.386555
5.397629	0.099933	0.406508
5.417629	0.103632	0.427148
5.437629	0.107371	0.448297
5.457629	0.111123	0.469885
5.477629	0.114902	0.491950
5.497629	0.118768	0.514648
5.517629	0.122818	0.538205
5.537629	0.127172	0.562826
5.557629	0.131932	0.588562
5.577629	0.137141	0.615163
5.597729	0.142739	0.641942
5.617729	0.148526	0.667702
5.637729	0.154144	0.690749
5.657729	0.159100	0.709028
5.677729	0.162809	0.720367
5.697729	0.164685	0.722793
5.717729	0.164232	0.714881
5.737729	0.161139	0.696039
5.757729	0.155350	0.666683
5.777729	0.147094	0.628252
5.797829	0.136859	0.583050
5.817829	0.125327	0.533952
5.837829	0.113275	0.484031
5.857829	0.101469	0.436185
5.877829	0.090569	0.392820
5.897829	0.081056	0.355654
5.917829	0.073206	0.325640
5.937829	0.067091	0.303021
5.957829	0.062615	0.287460
5.977829	0.059565	0.278228
5.997929	0.057670	0.274390
6.017929	0.056650	0.274960
6.037929	0.056254	0.279020
6.057929	0.056288	0.285793
6.077929	0.056623	0.294667
6.097929	0.057193	0.305206
6.117929	0.057979	0.317080
6.137929	0.059003	0.330099
6.157929	0.060303	0.344138
6.177929	0.061929	0.359142
6.198029	0.063930	0.375130
6.218029	0.066342	0.392128
6.238029	0.069197	0.410225
6.258029	0.072513	0.429546
6.278029	0.076287	0.450202
6.298029	0.080496	0.472276
6.318029	0.085085	0.495754
6.338029	0.089962	0.520453
6.358029	0.094994	0.545943
6.378029	0.100005	0.571467
6.398129	0.104782	0.595901
6.418129	0.109089	0.617762
6.438129	0.112681	0.635277
6.458129	0.115331	0.646547
6.478129	0.116850	0.649762
6.498129	0.117117	0.643470
6.518129	0.116092	0.626831
6.538129	0.113832	0.599812
6.558129	0.110490	0.563279
6.578129	0.106304	0.518948
6.598229	0.101573	0.469206
6.618229	0.096632	0.416832
6.638229	0.091816	0.364668
6.658229	0.087428	0.315303
6.678229	0.083720	0.270819
6.698229	0.080881	0.232650
6.718229	0.079028	0.201541
6.738229	0.078216	0.177601
6.758229	0.078451	0.160429
6.778229	0.079698	0.149275
6.798329	0.081897	0.143185
6.818329	0.084968	0.141131
6.838329	0.088809	0.142103
6.858329	0.093300	0.145155
6.878329	0.098286	0.149421
6.898329	0.103574	0.154115
6.918329	0.108928	0.158526
6.938329	0.114074	0.162044
6.958329	0.118708	0.164140
6.978329	0.122523	0.164416
6.998429	0.125235	0.162636
7.018429	0.126631	0.158769
7.038429	0.126596	0.153002
7.058429	0.125149	0.145736
7.078429	0.122459	0.137555
7.098429	0.118830	0.129157
7.118429	0.114686	0.121284
7.138429	0.110517	0.114630
7.158429	0.106828	0.109764
7.178429	0.104071	0.107069
7.198529	0.102588	0.106705
7.218529	0.102563	0.108598
7.238529	0.103996	0.112455
7.258529	0.106693	0.117795
7.278529	0.110292	0.123999
7.298529	0.114298	0.130372
7.318529	0.118144	0.136207
7.338529	0.121259	0.140857
7.358529	0.123142	0.143795
7.378529	0.123422	0.144664
7.398629	0.121905	0.143309
7.418629	0.118592	0.139776
7.438629	0.113675	0.134304
7.458629	0.107498	0.127278
7.478629	0.100509	0.119181
7.498629	0.093195	0.110535
7.518629	0.086020	0.101835
7.538629	0.079380	0.093516
7.558629	0.073562	0.085913
7.578629	0.068736	0.079240
7.598729	0.064953	0.073598
7.618729	0.062170	0.068976
7.638729	0.060269	0.065282
7.658729	0.059088	0.062364
7.678729	0.058452	0.060039
7.698729	0.058192	0.058124
7.718729	0.058164	0.056453
7.738729	0.058259	0.054893
7.758729	0.058408	0.053353
7.778729	0.058573	0.051784
7.798829	0.058747	0.050174
7.818829	0.058939	0.048535
7.838829	0.059166	0.046899
7.858829	0.059447	0.045302
7.878829	0.059790	0.043772
7.898829	0.060195	0.042330
7.918829	0.060661	0.040993
7.938829	0.061175	0.039763
7.958829	0.061726	0.038638
7.978829	0.062303	0.037618
7.998929	0.062895	0.036705
8.018929	0.063490	0.035903
8.038929	0.064076	0.035221
8.058929	0.064631	0.034665
8.078929	0.065139	0.034244
8.098929	0.065583	0.033964
8.118929	0.065962	0.033835
8.138929	0.066295	0.033868
8.158929	0.066634	0.034087
8.178929	0.067066	0.034530
8.199029	0.067714	0.035248
8.219029	0.068726	0.036307
8.239029	0.070256	0.037781
8.259029	0.072444	0.039731
8.279029	0.075384	0.042201
8.299029	0.079098	0.045188
8.319029	0.083515	0.048636
8.339029	0.088456	0.052419
8.359029	0.093641	0.056343
8.379029	0.098705	0.060155
8.399129	0.103227	0.063566
8.419129	0.106780	0.066278
8.439129	0.108977	0.068024
8.459129	0.109515	0.068601
8.479129	0.108217	0.067894
8.499129	0.105050	0.065899
8.519129	0.100132	0.062718
8.539129	0.093711	0.058547
8.559129	0.086144	0.053655
8.579129	0.077853	0.048348
8.599229	0.069287	0.042941
8.619229	0.060872	0.037726
8.639229	0.052987	0.032948
8.659229	0.045928	0.028792
8.679229	0.039906	0.025380
8.699229	0.035036	0.022772
8.719229	0.031356	0.020974
8.739229	0.028835	0.019953
8.759229	0.027399	0.019650
8.779229	0.026946	0.019985
8.799329	0.027364	0.020871
8.819329	0.028539	0.022214
8.839329	0.030358	0.023916
8.859329	0.032708	0.025873
8.879329	0.035476	0.027983
8.899329	0.038537	0.030147
8.919329	0.041753	0.032267
8.939329	0.044969	0.034255
8.959329	0.048033	0.036054
8.979329	0.050796	0.037627
8.999429	0.053134	0.038977
9.019429	0.054966	0.040139
9.039429	0.056280	0.041195
9.059429	0.057141	0.042266
9.079429	0.057710	0.043514
9.099429	0.058228	0.045135
9.119429	0.058997	0.047337
9.139429	0.060347	0.050323
9.159429	0.062577	0.054248
9.179429	0.065905	0.059190
9.199529	0.070418	0.065108
9.219529	0.076037	0.071825
9.239529	0.082508	0.079028
9.259529	0.089430	0.086291
9.279529	0.096298	0.093130
9.299529	0.102583	0.099065
9.319529	0.107794	0.103688
9.339529	0.111554	0.106718
9.359529	0.113628	0.108031
9.379529	0.113946	0.107660
9.399629	0.112579	0.105764
9.419629	0.109709	0.102597
9.439629	0.105588	0.098448
9.459629	0.100494	0.093613
9.479629	0.094705	0.088357
9.499629	0.088477	0.082907
9.519629	0.082038	0.077449
9.539629	0.075583	0.072132
9.559629	0.069282	0.067079
9.579629	0.063275	0.062389
9.599729	0.057678	0.058147
9.619729	0.052578	0.054416
9.639729	0.048034	0.051243
9.659729	0.044073	0.048652
9.679729	0.040696	0.046641
9.699729	0.037871	0.045180
9.719729	0.035544	0.044210
9.739729	0.033643	0.043656
9.759729	0.032089	0.043424
9.779729	0.030792	0.043408
9.799829	0.029679	0.043516
9.819829	0.028697	0.043687
9.839829	0.027826	0.043900
9.859829	0.027075	0.044178
9.879829	0.026483	0.044594
9.899829	0.026116	0.045251
9.919829	0.026047	0.046261
9.939829	0.026342	0.047719
9.959829	0.027048	0.049671
9.979829	0.028180	0.052098
9.999929	0.029722	0.054905
10.019929	0.031628	0.057931
10.039929	0.033832	0.060969
10.059929	0.036262	0.063793
10.079929	0.038846	0.066191
10.099929	0.041516	0.067994
10.119929	0.044206	0.069087
10.139929	0.046844	0.069422
10.159929	0.049344	0.069005
10.179929	0.051597	0.067890
10.200029	0.053485	0.066156
10.220029	0.054880	0.063896
10.240029	0.055674	0.061208
10.260029	0.055799	0.058188
10.280029	0.055238	0.054929
10.300029	0.054042	0.051525
10.320029	0.052321	0.048074
10.340029	0.050225	0.044669
10.360029	0.047928	0.041400
10.380029	0.045591	0.038347
10.400129	0.043352	0.035574
10.420129	0.041307	0.033130
10.440129	0.039510	0.031051
10.460129	0.037979	0.029361
10.480129	0.036712	0.028081
10.500129	0.035698	0.027228
10.520129	0.034929	0.026813
10.540129	0.034407	0.026840
10.560129	0.034140	0.027297
10.580129	0.034143	0.028150
10.600229	0.034424	0.029338
10.620229	0.034976	0.030773
10.640229	0.035778	0.032349
10.660229	0.036786	0.033951
10.680229	0.037945	0.035472
10.700229	0.039184	0.036819
10.720229	0.040434	0.037924
10.740229	0.041628	0.038746
10.760229	0.042708	0.039270
10.780229	0.043632	0.039501
10.800329	0.044372	0.039458
10.820329	0.044915	0.039172
10.840329	0.045263	0.038679
10.860329	0.045437	0.038025
10.880329	0.045468	0.037260
10.900329	0.045408	0.036446
10.920329	0.045314	0.035648
10.940329	0.045257	0.034938
10.960329	0.045313	0.034389
10.980329	0.045557	0.034067
11.000429	0.046058	0.034029
11.020429	0.046872	0.034313
11.040429	0.048036	0.034940
11.060429	0.049565	0.035905
11.080429	0.051448	0.037177
11.100429	0.053654	0.038710
11.120429	0.056128	0.040433
11.140429	0.058804	0.042271
11.160429	0.061610	0.044144
11.180429	0.064473	0.045984
11.200529	0.067325	0.047735
11.220529	0.070108	0.049358
11.240529	0.072769	0.050839
11.260529	0.075262	0.052180
11.280529	0.077546	0.053396
11.300529	0.079580	0.054510
11.320529	0.081326	0.055546
11.340529	0.082746	0.056527
11.360529	0.083809	0.057468
11.380529	0.084489	0.058370
11.400629	0.084765	0.059225
11.420629	0.084620	0.060003
11.440629	0.084038	0.060659
11.460629	0.083007	0.061128
11.480629	0.081513	0.061331
11.500629	0.079550	0.061187
11.520629	0.077126	0.060621
11.540629	0.074269	0.059587
11.560629	0.071042	0.058074
11.580629	0.067540	0.056121
11.600729	0.063890	0.053814
11.620729	0.060248	0.051282
11.640729	0.056780	0.048676
11.660729	0.053649	0.046154
11.680729	0.050996	0.043858
11.700729	0.048930	0.041898
11.720729	0.047519	0.040342
11.740729	0.046786	0.039215
11.760729	0.046707	0.038502
11.780729	0.047213	0.038153
11.800829	0.048193	0.038099
11.820829	0.049498	0.038255
11.840829	0.050949	0.038534
11.860829	0.052348	0.038850
11.880829	0.053498	0.039131
11.900829	0.054223	0.039323
11.920829	0.054391	0.039398
11.940829	0.053937	0.039358
11.960829	0.052872	0.039236
11.980829	0.051281	0.039088
12.000929	0.049315	0.038987
12.020929	0.047158	0.039004
12.040929	0.045006	0.039198
12.060929	0.043031	0.039595
12.080929	0.041360	0.040189
12.100929	0.040066	0.040937
12.120929	0.039169	0.041769
12.140929	0.038643	0.042600
12.160929	0.038434	0.043347
12.180929	0.038481	0.043944
12.201029	0.038725	0.044347
12.221029	0.039121	0.044544
12.241029	0.039640	0.044551
12.261029	0.040269	0.044404
12.281029	0.041001	0.044149
12.301029	0.041835	0.043836
12.321029	0.042772	0.043515
12.341029	0.043807	0.043227
12.361029	0.044936	0.043006
12.381029	0.046152	0.042881
12.401129	0.047449	0.042878
12.421129	0.048824	0.043021
12.441129	0.050274	0.043332
12.461129	0.051797	0.043832
12.481129	0.053396	0.044536
12.501129	0.055068	0.045449
12.521129	0.056803	0.046556
12.541129	0.058586	0.047822
12.561129	0.060393	0.049186
12.581129	0.062191	0.050562
12.601229	0.063950	0.051849
12.621229	0.065647	0.052944
12.641229	0.067269	0.053758
12.661229	0.068830	0.054230
12.681229	0.070361	0.054345
12.701229	0.071912	0.054132
12.721229	0.073536	0.053666
12.741229	0.075274	0.053051
12.761229	0.077132	0.052404
12.781229	0.079075	0.051839
12.801329	0.081013	0.051447
12.821329	0.082810	0.051287
12.841329	0.084298	0.051379
12.861329	0.085303	0.051709
12.881329	0.085679	0.052230
12.901329	0.085326	0.052880
12.921329	0.084223	0.053584
12.941329	0.082425	0.054272
12.961329	0.080060	0.054882
12.981329	0.077312	0.055367
13.001429	0.074390	0.055700
13.021429	0.071494	0.055866
13.041429	0.068791	0.055863
13.061429	0.066391	0.055694
13.081429	0.064342	0.055362
13.101429	0.062632	0.054874
13.121429	0.061201	0.054229
13.141429	0.059962	0.053429
13.161429	0.058826	0.052478
13.181429	0.057713	0.051387
13.201529	0.056573	0.050177
13.221529	0.055383	0.048875
13.241529	0.054150	0.047514
13.261529	0.052906	0.046131
13.281529	0.051690	0.044761
13.301529	0.050550	0.043436
13.321529	0.049525	0.042184
13.341529	0.048648	0.041027
13.361529	0.047938	0.039986
13.381529	0.047400	0.039081
13.401629	0.047035	0.038335
13.421629	0.046836	0.037776
13.441629	0.046794	0.037437
13.461629	0.046904	0.037351
13.481629	0.047158	0.037549
13.501629	0.047556	0.038053
13.521629	0.048093	0.038869
13.541629	0.048759	0.039977
13.561629	0.049536	0.041327
13.581629	0.050390	0.042842
13.601729	0.051281	0.044420
13.621729	0.052160	0.045948
13.641729	0.052986	0.047319
13.661729	0.053726	0.048444
13.681729	0.054375	0.049278
13.701729	0.054958	0.049821
13.721729	0.055527	0.050127
13.741729	0.056157	0.050289
13.761729	0.056936	0.050429
13.781729	0.057947	0.050676
13.801829	0.059253	0.051142
13.821829	0.060889	0.051905
13.841829	0.062851	0.052992
13.861829	0.065089	0.054375
13.881829	0.067518	0.055967
13.901829	0.070016	0.057630
13.921829	0.072434	0.059187
13.941829	0.074616	0.060441
13.961829	0.076414	0.061196
13.981829	0.077693	0.061276
14.001929	0.078369	0.060562
14.021929	0.078416	0.059003
14.041929	0.077879	0.056634
14.061929	0.076875	0.053577
14.081929	0.075586	0.050034
14.101929	0.074241	0.046266
14.121929	0.073091	0.042565
14.141929	0.072374	0.039219
14.161929	0.072283	0.036480
14.181929	0.072929	0.034534
14.202029	0.074323	0.033479
14.222029	0.076354	0.033309
14.242029	0.078796	0.033917
14.262029	0.081327	0.035104
14.282029	0.083568	0.036603
14.302029	0.085132	0.038120
14.322029	0.085694	0.039371
14.342029	0.085040	0.040134
14.362029	0.083115	0.040283
14.382029	0.080034	0.039808
14.402129	0.076073	0.038820
14.422129	0.071628	0.037527
14.442129	0.067157	0.036196
14.462129	0.063110	0.035109
14.482129	0.059876	0.034512
14.502129	0.057727	0.034578
14.522129	0.056798	0.035386
14.542129	0.057083	0.036915
14.562129	0.058442	0.039050
14.582129	0.060634	0.041610
14.602229	0.063351	0.044375
14.622229	0.066254	0.047115
14.642229	0.069015	0.049622
14.662229	0.071354	0.051734
14.682229	0.073065	0.053358
14.702229	0.074023	0.054467
14.722229	0.074209	0.055111
14.742229	0.073691	0.055405
14.762229	0.072614	0.055516
14.782229	0.071176	0.055643
14.802329	0.069618	0.056007
14.822329	0.068182	0.056814
14.842329	0.067108	0.058248
14.862329	0.066610	0.060452
14.882329	0.066860	0.063508
14.902329	0.067972	0.067424
14.922329	0.069983	0.072120
14.942329	0.072841	0.077431
14.962329	0.076392	0.083110
14.982329	0.080383	0.088849
15.002429	0.084482	0.094310
15.022429	0.088308	0.099163
15.042429	0.091483	0.103127
15.062429	0.093687	0.106008
15.082429	0.094708	0.107717
15.102429	0.094474	0.108276
15.122429	0.093064	0.107807
15.142429	0.090682	0.106497
15.162429	0.087617	0.104564
15.182429	0.084193	0.102214
15.202529	0.080701	0.099613
15.222529	0.077369	0.096869
15.242529	0.074338	0.094031
15.262529	0.071660	0.091101
15.282529	0.069318	0.088060
15.302529	0.067260	0.084888
15.322529	0.065426	0.081594
15.342529	0.063777	0.078224
15.362529	0.062313	0.074872
15.382529	0.061074	0.071671
15.402629	0.060133	0.068777
15.422629	0.059578	0.066343
15.442629	0.059496	0.064506
15.462629	0.059945	0.063353
15.482629	0.060949	0.062917
15.502629	0.062484	0.063169
15.522629	0.064483	0.064030
15.542629	0.066838	0.065375
15.562629	0.069420	0.067063
15.582629	0.072091	0.068950
15.602729	0.074719	0.070904
15.622729	0.077188	0.072819
15.642729	0.079409	0.074614
15.662729	0.081323	0.076238
15.682729	0.082905	0.077656
15.702729	0.084162	0.078851
15.722729	0.085132	0.079808
15.742729	0.085869	0.080512
15.762729	0.086435	0.080938
15.782729	0.086882	0.081048
15.802829	0.087243	0.080790
15.822829	0.087519	0.080105
15.842829	0.087679	0.078939
15.862829	0.087666	0.077249
15.882829	0.087407	0.075024
15.902829	0.086830	0.072291
15.922829	0.085875	0.069115
15.942829	0.084505	0.065603
15.962829	0.082704	0.061881
15.982829	0.080478	0.058086
16.002929	0.077844	0.054342
16.022929	0.074833	0.050752
16.042929	0.071478	0.047387
16.062929	0.067823	0.044288
16.082929	0.063926	0.041474
16.102929	0.059862	0.038948
16.122929	0.055730	0.036710
16.142929	0.051655	0.034769
16.162929	0.047777	0.033141
16.182929	0.044251	0.031856
16.203029	0.041233	0.030955
16.223029	0.038868	0.030483
16.243029	0.037271	0.030481
16.263029	0.036523	0.030987
16.283029	0.036659	0.032022
16.303029	0.037665	0.033595
16.323029	0.039483	0.035700
16.343029	0.042014	0.038319
16.363029	0.045125	0.041430
16.383029	0.048663	0.045006
16.403129	0.052467	0.049025
16.423129	0.056368	0.053463
16.443129	0.060203	0.058294
16.463129	0.063808	0.063464
16.483129	0.067026	0.068889
16.503129	0.069708	0.074432
16.523129	0.071717	0.079897
16.543129	0.072945	0.085039
16.563129	0.073317	0.089579
16.583129	0.072817	0.093253
16.603229	0.071493	0.095853
16.623229	0.069471	0.097275
16.643229	0.066946	0.097558
16.663229	0.064180	0.096897
16.683229	0.061476	0.095632
16.703229	0.059150	0.094208
16.723229	0.057497	0.093111
16.743229	0.056759	0.092796
16.763229	0.057091	0.093617
16.783229	0.058546	0.095774
16.803329	0.061068	0.099286
16.823329	0.064507	0.103988
16.843329	0.068636	0.109569
16.863329	0.073189	0.115620
16.883329	0.077891	0.121697
16.903329	0.082496	0.127393
16.923329	0.086807	0.132385
16.943329	0.090687	0.136470
16.963329	0.094055	0.139571
16.983329	0.096888	0.141737
17.003429	0.099187	0.143100
17.023429	0.100979	0.143851
17.043429	0.102292	0.144190
17.063429	0.103152	0.144302
17.083429	0.103578	0.144322
