Energy(eV)	C_p_DOS	Pt_d_DOS
-22.738319	0.000000	0.000000
-22.718319	0.000000	0.000000
-22.698319	0.000000	0.000000
-22.678319	0.000000	0.000000
-22.658319	0.000000	0.000000
-22.638219	0.000000	0.000000
-22.618219	0.000000	0.000000
-22.598219	0.000000	0.000000
-22.578219	0.000000	0.000000
-22.558219	0.000000	0.000000
-22.538219	0.000000	0.000000
-22.518219	0.000000	0.000000
-22.498219	0.000000	0.000000
-22.478219	0.000000	0.000000
-22.458219	0.000000	0.000000
-22.438119	0.000000	0.000000
-22.418119	0.000000	0.000000
-22.398119	0.000000	0.000000
-22.378119	0.000000	0.000000
-22.358119	0.000000	0.000000
-22.338119	0.000000	0.000000
-22.318119	0.000000	0.000000
-22.298119	0.000000	0.000000
-22.278119	0.000000	0.000000
-22.258119	0.000000	0.000000
-22.238019	0.000000	0.000000
-22.218019	0.000000	0.000000
-22.198019	0.000000	0.000000
-22.178019	0.000000	0.000000
-22.158019	0.000000	0.000000
-22.138019	0.000000	0.000000
-22.118019	0.000000	0.000000
-22.098019	0.000000	0.000000
-22.078019	0.000000	0.000000
-22.058019	0.000000	0.000000
-22.037919	0.000000	0.000000
-22.017919	0.000000	0.000000
-21.997919	0.000000	0.000000
-21.977919	0.000000	0.000000
-21.957919	0.000000	0.000000
-21.937919	0.000000	0.000000
-21.917919	0.000000	0.000000
-21.897919	0.000000	0.000000
-21.877919	0.000000	0.000000
-21.857919	0.000000	0.000000
-21.837819	0.000000	0.000000
-21.817819	0.000000	0.000000
-21.797819	0.000000	0.000000
-21.777819	0.000000	0.000000
-21.757819	0.000000	0.000000
-21.737819	0.000000	0.000000
-21.717819	0.000000	0.000000
-21.697819	0.000000	0.000000
-21.677819	0.000000	0.000000
-21.657819	0.000000	0.000000
-21.637719	0.000000	0.000000
-21.617719	0.000000	0.000000
-21.597719	0.000000	0.000000
-21.577719	0.000000	0.000000
-21.557719	0.000000	0.000000
-21.537719	0.000000	0.000000
-21.517719	0.000000	0.000000
-21.497719	0.000000	0.000000
-21.477719	0.000000	0.000000
-21.457719	0.000000	0.000000
-21.437619	0.000000	0.000000
-21.417619	0.000000	0.000000
-21.397619	0.000000	0.000000
-21.377619	0.000000	0.000000
-21.357619	0.000000	0.000000
-21.337619	0.000000	0.000000
-21.317619	0.000000	0.000000
-21.297619	0.000000	0.000000
-21.277619	0.000000	0.000000
-21.257619	0.000000	0.000000
-21.237519	0.000000	0.000000
-21.217519	0.000000	0.000000
-21.197519	0.000000	0.000000
-21.177519	0.000000	0.000000
-21.157519	0.000000	0.000000
-21.137519	0.000000	0.000000
-21.117519	0.000000	0.000000
-21.097519	0.000000	0.000000
-21.077519	0.000000	0.000000
-21.057519	0.000000	0.000000
-21.037419	0.000000	0.000000
-21.017419	0.000000	0.000000
-20.997419	0.000000	0.000000
-20.977419	0.000000	0.000000
-20.957419	0.000000	0.000000
-20.937419	0.000000	0.000000
-20.917419	0.000000	0.000000
-20.897419	0.000000	0.000000
-20.877419	0.000000	0.000000
-20.857419	0.000000	0.000000
-20.837319	0.000000	0.000000
-20.817319	0.000000	0.000000
-20.797319	0.000000	0.000000
-20.777319	0.000000	0.000000
-20.757319	0.000000	0.000000
-20.737319	0.000000	0.000000
-20.717319	0.000000	0.000000
-20.697319	0.000000	0.000000
-20.677319	0.000000	0.000000
-20.657319	0.000000	0.000000
-20.637219	0.000000	0.000000
-20.617219	0.000000	0.000000
-20.597219	0.000000	0.000000
-20.577219	0.000000	0.000000
-20.557219	0.000000	0.000000
-20.537219	0.000000	0.000000
-20.517219	0.000000	0.000000
-20.497219	0.000000	0.000000
-20.477219	0.000000	0.000000
-20.457219	0.000000	0.000000
-20.437119	0.000000	0.000000
-20.417119	0.000000	0.000000
-20.397119	0.000000	0.000000
-20.377119	0.000000	0.000000
-20.357119	0.000000	0.000000
-20.337119	0.000000	0.000000
-20.317119	0.000000	0.000000
-20.297119	0.000000	0.000000
-20.277119	0.000000	0.000000
-20.257119	0.000000	0.000000
-20.237019	0.000000	0.000000
-20.217019	0.000000	0.000000
-20.197019	0.000000	0.000000
-20.177019	0.000000	0.000000
-20.157019	0.000000	0.000000
-20.137019	0.000000	0.000000
-20.117019	0.000000	0.000000
-20.097019	0.000000	0.000000
-20.077019	0.000000	0.000000
-20.057019	0.000000	0.000000
-20.036919	0.000000	0.000000
-20.016919	0.000000	0.000000
-19.996919	0.000000	0.000000
-19.976919	0.000000	0.000000
-19.956919	0.000000	0.000000
-19.936919	0.000000	0.000000
-19.916919	0.000000	0.000000
-19.896919	0.000000	0.000000
-19.876919	0.000000	0.000000
-19.856919	0.000000	0.000000
-19.836819	0.000000	0.000000
-19.816819	0.000000	0.000000
-19.796819	0.000000	0.000000
-19.776819	0.000000	0.000000
-19.756819	0.000000	0.000000
-19.736819	0.000000	0.000000
-19.716819	0.000000	0.000000
-19.696819	0.000000	0.000000
-19.676819	0.000000	0.000000
-19.656819	0.000000	0.000000
-19.636719	0.000000	0.000000
-19.616719	0.000000	0.000000
-19.596719	0.000000	0.000000
-19.576719	0.000000	0.000000
-19.556719	0.000000	0.000000
-19.536719	0.000000	0.000000
-19.516719	0.000000	0.000000
-19.496719	0.000000	0.000000
-19.476719	0.000000	0.000000
-19.456719	0.000000	0.000000
-19.436619	0.000000	0.000000
-19.416619	0.000000	0.000000
-19.396619	0.000000	0.000000
-19.376619	0.000000	0.000000
-19.356619	0.000000	0.000000
-19.336619	0.000000	0.000000
-19.316619	0.000000	0.000000
-19.296619	0.000000	0.000000
-19.276619	0.000000	0.000000
-19.256619	0.000000	0.000000
-19.236519	0.000000	0.000000
-19.216519	0.000000	0.000000
-19.196519	0.000000	0.000000
-19.176519	0.000000	0.000000
-19.156519	0.000000	0.000000
-19.136519	0.000000	0.000000
-19.116519	0.000000	0.000000
-19.096519	0.000000	0.000000
-19.076519	0.000000	0.000000
-19.056519	0.000000	0.000000
-19.036419	0.000000	0.000000
-19.016419	0.000000	0.000000
-18.996419	0.000000	0.000000
-18.976419	0.000000	0.000000
-18.956419	0.000000	0.000000
-18.936419	0.000000	0.000000
-18.916419	0.000000	0.000000
-18.896419	0.000000	0.000000
-18.876419	0.000000	0.000000
-18.856419	0.000000	0.000000
-18.836319	0.000000	0.000000
-18.816319	0.000000	0.000000
-18.796319	0.000000	0.000000
-18.776319	0.000000	0.000000
-18.756319	0.000000	0.000000
-18.736319	0.000000	0.000000
-18.716319	0.000000	0.000000
-18.696319	0.000000	0.000000
-18.676319	0.000000	0.000000
-18.656319	0.000000	0.000000
-18.636219	0.000000	0.000000
-18.616219	0.000000	0.000000
-18.596219	0.000000	0.000000
-18.576219	0.000000	0.000000
-18.556219	0.000000	0.000000
-18.536219	0.000000	0.000000
-18.516219	0.000000	0.000000
-18.496219	0.000000	0.000000
-18.476219	0.000000	0.000000
-18.456219	0.000000	0.000000
-18.436119	0.000000	0.000000
-18.416119	0.000000	0.000000
-18.396119	0.000000	0.000000
-18.376119	0.000000	0.000000
-18.356119	0.000000	0.000000
-18.336119	0.000000	0.000000
-18.316119	0.000000	0.000000
-18.296119	0.000000	0.000000
-18.276119	0.000000	0.000000
-18.256119	0.000000	0.000000
-18.236019	0.000000	0.000000
-18.216019	0.000000	0.000000
-18.196019	0.000000	0.000000
-18.176019	0.000000	0.000000
-18.156019	0.000000	0.000000
-18.136019	0.000000	0.000000
-18.116019	0.000000	0.000000
-18.096019	0.000000	0.000000
-18.076019	0.000000	0.000000
-18.056019	0.000000	0.000000
-18.035919	0.000000	0.000000
-18.015919	0.000000	0.000000
-17.995919	0.000000	0.000000
-17.975919	0.000000	0.000000
-17.955919	0.000000	0.000000
-17.935919	0.000000	0.000000
-17.915919	0.000000	0.000000
-17.895919	0.000000	0.000000
-17.875919	0.000000	0.000000
-17.855919	0.000000	0.000000
-17.835819	0.000000	0.000000
-17.815819	0.000000	0.000000
-17.795819	0.000000	0.000000
-17.775819	0.000000	0.000000
-17.755819	0.000000	0.000000
-17.735819	0.000000	0.000000
-17.715819	0.000000	0.000000
-17.695819	0.000000	0.000000
-17.675819	0.000000	0.000000
-17.655819	0.000000	0.000000
-17.635719	0.000000	0.000000
-17.615719	0.000000	0.000000
-17.595719	0.000000	0.000000
-17.575719	0.000000	0.000000
-17.555719	0.000000	0.000000
-17.535719	0.000000	0.000000
-17.515719	0.000000	0.000000
-17.495719	0.000000	0.000000
-17.475719	0.000000	0.000000
-17.455719	0.000000	0.000000
-17.435619	0.000000	0.000000
-17.415619	0.000000	0.000000
-17.395619	0.000000	0.000000
-17.375619	0.000000	0.000000
-17.355619	0.000000	0.000000
-17.335619	0.000000	0.000000
-17.315619	0.000000	0.000000
-17.295619	0.000000	0.000000
-17.275619	0.000000	0.000000
-17.255619	0.000000	0.000000
-17.235519	0.000000	0.000000
-17.215519	0.000000	0.000000
-17.195519	0.000000	0.000000
-17.175519	0.000000	0.000000
-17.155519	0.000000	0.000000
-17.135519	0.000000	0.000000
-17.115519	0.000000	0.000000
-17.095519	0.000000	0.000000
-17.075519	0.000000	0.000000
-17.055519	0.000000	0.000000
-17.035419	0.000000	0.000000
-17.015419	0.000000	0.000000
-16.995419	0.000000	0.000000
-16.975419	0.000000	0.000000
-16.955419	0.000000	0.000000
-16.935419	0.000000	0.000000
-16.915419	0.000000	0.000000
-16.895419	0.000000	0.000000
-16.875419	0.000000	0.000000
-16.855419	0.000000	0.000000
-16.835319	0.000000	0.000000
-16.815319	0.000000	0.000000
-16.795319	0.000000	0.000000
-16.775319	0.000000	0.000000
-16.755319	0.000000	0.000000
-16.735319	0.000000	0.000000
-16.715319	0.000000	0.000000
-16.695319	0.000000	0.000000
-16.675319	0.000000	0.000000
-16.655319	0.000000	0.000000
-16.635219	0.000000	0.000000
-16.615219	0.000000	0.000000
-16.595219	0.000000	0.000000
-16.575219	0.000000	0.000000
-16.555219	0.000000	0.000000
-16.535219	0.000000	0.000000
-16.515219	0.000000	0.000000
-16.495219	0.000000	0.000000
-16.475219	0.000000	0.000000
-16.455219	0.000000	0.000000
-16.435119	0.000000	0.000000
-16.415119	0.000000	0.000000
-16.395119	0.000000	0.000000
-16.375119	0.000000	0.000000
-16.355119	0.000000	0.000000
-16.335119	0.000000	0.000000
-16.315119	0.000000	0.000000
-16.295119	0.000000	0.000000
-16.275119	0.000000	0.000000
-16.255119	0.000000	0.000000
-16.235019	0.000000	0.000000
-16.215019	0.000000	0.000000
-16.195019	0.000000	0.000000
-16.175019	0.000000	0.000000
-16.155019	0.000000	0.000000
-16.135019	0.000000	0.000000
-16.115019	0.000000	0.000000
-16.095019	0.000000	0.000000
-16.075019	0.000000	0.000000
-16.055019	0.000000	0.000000
-16.034919	0.000000	0.000000
-16.014919	0.000000	0.000000
-15.994919	0.000000	0.000000
-15.974919	0.000000	0.000000
-15.954919	0.000000	0.000000
-15.934919	0.000000	0.000000
-15.914919	0.000000	0.000000
-15.894919	0.000000	0.000000
-15.874919	0.000000	0.000000
-15.854919	0.000000	0.000000
-15.834819	0.000000	0.000000
-15.814819	0.000000	0.000000
-15.794819	0.000000	0.000000
-15.774819	0.000000	0.000000
-15.754819	0.000000	0.000000
-15.734819	0.000000	0.000000
-15.714819	0.000000	0.000000
-15.694819	0.000000	0.000000
-15.674819	0.000000	0.000000
-15.654819	0.000000	0.000000
-15.634719	0.000000	0.000000
-15.614719	0.000000	0.000000
-15.594719	0.000000	0.000000
-15.574719	0.000000	0.000000
-15.554719	0.000000	0.000000
-15.534719	0.000000	0.000000
-15.514719	0.000000	0.000000
-15.494719	0.000000	0.000000
-15.474719	0.000000	0.000000
-15.454719	0.000000	0.000000
-15.434619	0.000000	0.000000
-15.414619	0.000000	0.000000
-15.394619	0.000000	0.000000
-15.374619	0.000000	0.000000
-15.354619	0.000000	0.000000
-15.334619	0.000000	0.000000
-15.314619	0.000000	0.000000
-15.294619	0.000000	0.000000
-15.274619	0.000000	0.000000
-15.254619	0.000000	0.000000
-15.234519	0.000000	0.000000
-15.214519	0.000000	0.000000
-15.194519	0.000000	0.000000
-15.174519	0.000000	0.000000
-15.154519	0.000000	0.000000
-15.134519	0.000000	0.000000
-15.114519	0.000000	0.000000
-15.094519	0.000000	0.000000
-15.074519	0.000000	0.000000
-15.054519	0.000000	0.000000
-15.034419	0.000000	0.000000
-15.014419	0.000000	0.000000
-14.994419	0.000000	0.000000
-14.974419	0.000000	0.000000
-14.954419	0.000000	0.000000
-14.934419	0.000000	0.000000
-14.914419	0.000000	0.000000
-14.894419	0.000000	0.000000
-14.874419	0.000000	0.000000
-14.854419	0.000000	0.000000
-14.834319	0.000000	0.000000
-14.814319	0.000000	0.000000
-14.794319	0.000000	0.000000
-14.774319	0.000000	0.000000
-14.754319	0.000000	0.000000
-14.734319	0.000000	0.000000
-14.714319	0.000000	0.000000
-14.694319	0.000000	0.000000
-14.674319	0.000000	0.000000
-14.654319	0.000000	0.000000
-14.634219	0.000000	0.000000
-14.614219	0.000000	0.000000
-14.594219	0.000000	0.000000
-14.574219	0.000000	0.000000
-14.554219	0.000000	0.000000
-14.534219	0.000000	0.000000
-14.514219	0.000000	0.000000
-14.494219	0.000000	0.000000
-14.474219	0.000000	0.000000
-14.454219	0.000000	0.000000
-14.434119	0.000000	0.000000
-14.414119	0.000000	0.000000
-14.394119	0.000000	0.000000
-14.374119	0.000000	0.000000
-14.354119	0.000000	0.000000
-14.334119	0.000000	0.000000
-14.314119	0.000000	0.000000
-14.294119	0.000000	0.000000
-14.274119	0.000000	0.000000
-14.254119	0.000000	0.000000
-14.234019	0.000000	0.000000
-14.214019	0.000000	0.000000
-14.194019	0.000000	0.000000
-14.174019	0.000000	0.000000
-14.154019	0.000000	0.000000
-14.134019	0.000000	0.000000
-14.114019	0.000000	0.000000
-14.094019	0.000000	0.000000
-14.074019	0.000000	0.000000
-14.054019	0.000000	0.000000
-14.033919	0.000000	0.000000
-14.013919	0.000000	0.000000
-13.993919	0.000000	0.000000
-13.973919	0.000000	0.000000
-13.953919	0.000000	0.000000
-13.933919	0.000000	0.000000
-13.913919	0.000000	0.000000
-13.893919	0.000000	0.000000
-13.873919	0.000000	0.000000
-13.853919	0.000000	0.000000
-13.833819	0.000000	0.000000
-13.813819	0.000000	0.000000
-13.793819	0.000000	0.000000
-13.773819	0.000000	0.000000
-13.753819	0.000000	0.000000
-13.733819	0.000000	0.000000
-13.713819	0.000000	0.000000
-13.693819	0.000000	0.000000
-13.673819	0.000000	0.000000
-13.653819	0.000000	0.000000
-13.633719	0.000000	0.000000
-13.613719	0.000000	0.000000
-13.593719	0.000000	0.000000
-13.573719	0.000000	0.000000
-13.553719	0.000000	0.000000
-13.533719	0.000000	0.000000
-13.513719	0.000000	0.000000
-13.493719	0.000000	0.000000
-13.473719	0.000000	0.000000
-13.453719	0.000000	0.000000
-13.433619	0.000000	0.000000
-13.413619	0.000000	0.000000
-13.393619	0.000000	0.000000
-13.373619	0.000000	0.000000
-13.353619	0.000000	0.000000
-13.333619	0.000000	0.000000
-13.313619	0.000000	0.000000
-13.293619	0.000000	0.000000
-13.273619	0.000000	0.000000
-13.253619	0.000000	0.000000
-13.233519	0.000000	0.000000
-13.213519	0.000000	0.000000
-13.193519	0.000000	0.000000
-13.173519	0.000000	0.000000
-13.153519	0.000000	0.000000
-13.133519	0.000000	0.000000
-13.113519	0.000000	0.000000
-13.093519	0.000000	0.000000
-13.073519	0.000000	0.000000
-13.053519	0.000000	0.000000
-13.033419	0.000000	0.000000
-13.013419	0.000000	0.000000
-12.993419	0.000000	0.000000
-12.973419	0.000000	0.000000
-12.953419	0.000000	0.000000
-12.933419	0.000000	0.000000
-12.913419	0.000000	0.000000
-12.893419	0.000000	0.000000
-12.873419	0.000000	0.000000
-12.853419	0.000000	0.000000
-12.833319	0.000000	0.000000
-12.813319	0.000000	0.000000
-12.793319	0.000000	0.000000
-12.773319	0.000000	0.000000
-12.753319	0.000000	0.000000
-12.733319	0.000000	0.000000
-12.713319	0.000000	0.000000
-12.693319	0.000000	0.000000
-12.673319	0.000000	0.000000
-12.653319	0.000000	0.000000
-12.633219	0.000000	0.000000
-12.613219	0.000000	0.000000
-12.593219	0.000000	0.000000
-12.573219	0.000000	0.000000
-12.553219	0.000000	0.000000
-12.533219	0.000000	0.000000
-12.513219	0.000000	0.000000
-12.493219	0.000000	0.000000
-12.473219	0.000000	0.000000
-12.453219	0.000000	0.000000
-12.433119	0.000000	0.000000
-12.413119	0.000000	0.000000
-12.393119	0.000000	0.000000
-12.373119	0.000000	0.000000
-12.353119	0.000000	0.000000
-12.333119	0.000000	0.000000
-12.313119	0.000000	0.000000
-12.293119	0.000000	0.000000
-12.273119	0.000000	0.000000
-12.253119	0.000000	0.000000
-12.233019	0.000000	0.000000
-12.213019	0.000000	0.000000
-12.193019	0.000000	0.000000
-12.173019	0.000000	0.000000
-12.153019	0.000000	0.000000
-12.133019	0.000000	0.000000
-12.113019	0.000000	0.000000
-12.093019	0.000000	0.000000
-12.073019	0.000000	0.000000
-12.053019	0.000000	0.000000
-12.032919	0.000000	0.000000
-12.012919	0.000000	0.000000
-11.992919	0.000000	0.000000
-11.972919	0.000000	0.000000
-11.952919	0.000000	0.000000
-11.932919	0.000000	0.000000
-11.912919	0.000000	0.000000
-11.892919	0.000000	0.000000
-11.872919	0.000000	0.000000
-11.852919	0.000000	0.000000
-11.832819	0.000000	0.000000
-11.812819	0.000000	0.000000
-11.792819	0.000000	0.000000
-11.772819	0.000000	0.000000
-11.752819	0.000000	0.000000
-11.732819	0.000000	0.000000
-11.712819	0.000000	0.000000
-11.692819	0.000000	0.000000
-11.672819	0.000000	0.000000
-11.652819	0.000000	0.000000
-11.632719	0.000000	0.000000
-11.612719	0.000000	0.000000
-11.592719	0.000000	0.000000
-11.572719	0.000000	0.000000
-11.552719	0.000000	0.000000
-11.532719	0.000000	0.000000
-11.512719	0.000000	0.000000
-11.492719	0.000000	0.000000
-11.472719	0.000000	0.000000
-11.452719	0.000000	0.000000
-11.432619	0.000000	0.000000
-11.412619	0.000001	0.000002
-11.392619	0.000017	0.000058
-11.372619	0.000098	0.000322
-11.352619	0.000217	0.000712
-11.332619	0.000450	0.001472
-11.312619	0.000894	0.002927
-11.292619	0.001709	0.005592
-11.272619	0.003140	0.010269
-11.252619	0.005546	0.018128
-11.232519	0.009414	0.030762
-11.212519	0.015362	0.050176
-11.192519	0.024095	0.078671
-11.172519	0.036328	0.118564
-11.152519	0.052646	0.171756
-11.132519	0.073334	0.239162
-11.112519	0.098189	0.320103
-11.092519	0.126366	0.411816
-11.072519	0.156317	0.509247
-11.052519	0.185862	0.605293
-11.032419	0.212414	0.691532
-11.012419	0.233334	0.759391
-10.992419	0.246363	0.801538
-10.972419	0.250019	0.813179
-10.952419	0.243877	0.792958
-10.932419	0.228647	0.743216
-10.912419	0.206042	0.669543
-10.892419	0.178460	0.579748
-10.872419	0.148566	0.482499
-10.852419	0.118875	0.385966
-10.832319	0.091422	0.296753
-10.812319	0.067578	0.219298
-10.792319	0.048012	0.155763
-10.772319	0.032785	0.106338
-10.752319	0.021518	0.069775
-10.732319	0.013574	0.044005
-10.712319	0.008230	0.026674
-10.692319	0.004796	0.015541
-10.672319	0.002686	0.008703
-10.652319	0.001446	0.004684
-10.632219	0.000748	0.002423
-10.612219	0.000372	0.001205
-10.592219	0.000178	0.000575
-10.572219	0.000075	0.000240
-10.552219	0.000006	0.000020
-10.532219	0.000000	0.000000
-10.512219	0.000000	0.000000
-10.492219	0.000000	0.000000
-10.472219	0.000000	0.000000
-10.452219	0.000000	0.000000
-10.432119	0.000000	0.000000
-10.412119	0.000000	0.000000
-10.392119	0.000000	0.000000
-10.372119	0.000000	0.000000
-10.352119	0.000000	0.000000
-10.332119	0.000000	0.000000
-10.312119	0.000000	0.000000
-10.292119	0.000000	0.000000
-10.272119	0.000000	0.000000
-10.252119	0.000000	0.000000
-10.232019	0.000000	0.000000
-10.212019	0.000000	0.000000
-10.192019	0.000000	0.000000
-10.172019	0.000000	0.000000
-10.152019	0.000000	0.000000
-10.132019	0.000000	0.000000
-10.112019	0.000000	0.000000
-10.092019	0.000000	0.000000
-10.072019	0.000000	0.000000
-10.052019	0.000000	0.000000
-10.031919	0.000000	0.000000
-10.011919	0.000000	0.000000
-9.991919	0.000000	0.000000
-9.971919	0.000000	0.000000
-9.951919	0.000000	0.000000
-9.931919	0.000000	0.000000
-9.911919	0.000000	0.000000
-9.891919	0.000000	0.000000
-9.871919	0.000000	0.000000
-9.851919	0.000000	0.000000
-9.831819	0.000000	0.000000
-9.811819	0.000000	0.000000
-9.791819	0.000000	0.000000
-9.771819	0.000000	0.000000
-9.751819	0.000000	0.000000
-9.731819	0.000000	0.000000
-9.711819	0.000000	0.000000
-9.691819	0.000000	0.000000
-9.671819	0.000000	0.000000
-9.651819	0.000000	0.000000
-9.631719	0.000000	0.000000
-9.611719	0.000000	0.000000
-9.591719	0.000000	0.000000
-9.571719	0.000000	0.000000
-9.551719	0.000000	0.000000
-9.531719	0.000000	0.000000
-9.511719	0.000000	0.000000
-9.491719	0.000000	0.000000
-9.471719	0.000000	0.000000
-9.451719	0.000000	0.000000
-9.431619	0.000000	0.000000
-9.411619	0.000000	0.000000
-9.391619	0.000000	0.000000
-9.371619	0.000000	0.000000
-9.351619	0.000000	0.000000
-9.331619	0.000000	0.000000
-9.311619	0.000001	0.000000
-9.291619	0.000001	0.000001
-9.271619	0.000002	0.000001
-9.251619	0.000004	0.000003
-9.231519	0.000008	0.000005
-9.211519	0.000013	0.000009
-9.191519	0.000022	0.000015
-9.171519	0.000035	0.000024
-9.151519	0.000054	0.000039
-9.131519	0.000081	0.000059
-9.111519	0.000117	0.000088
-9.091519	0.000162	0.000127
-9.071519	0.000219	0.000178
-9.051519	0.000286	0.000244
-9.031419	0.000362	0.000325
-9.011419	0.000446	0.000423
-8.991419	0.000533	0.000538
-8.971419	0.000621	0.000671
-8.951419	0.000713	0.000916
-8.931419	0.000802	0.001242
-8.911419	0.000891	0.001730
-8.891419	0.000988	0.002528
-8.871419	0.001107	0.003869
-8.851419	0.001276	0.006239
-8.831319	0.001527	0.010161
-8.811319	0.001919	0.016577
-8.791319	0.002527	0.026742
-8.771319	0.003450	0.042287
-8.751319	0.004809	0.065195
-8.731319	0.006738	0.097668
-8.711319	0.009373	0.141910
-8.691319	0.012831	0.199812
-8.671319	0.017192	0.272562
-8.651319	0.022471	0.360254
-8.631219	0.028600	0.461562
-8.611219	0.035416	0.573556
-8.591219	0.042660	0.691720
-8.571219	0.049991	0.810197
-8.551219	0.057008	0.922243
-8.531219	0.063286	1.020847
-8.511219	0.068420	1.099439
-8.491219	0.072063	1.152594
-8.471219	0.073968	1.176656
-8.451219	0.074018	1.170175
-8.431119	0.072243	1.134108
-8.411119	0.068814	1.071730
-8.391119	0.064030	0.988250
-8.371119	0.058277	0.890190
-8.351119	0.051984	0.784605
-8.331119	0.045575	0.678284
-8.311119	0.039418	0.577062
-8.291119	0.033800	0.485336
-8.271119	0.028906	0.405851
-8.251119	0.024821	0.339743
-8.231019	0.021543	0.286792
-8.211019	0.019008	0.245785
-8.191019	0.017107	0.214919
-8.171019	0.015719	0.192159
-8.151019	0.014718	0.175518
-8.131019	0.013992	0.163189
-8.111019	0.013453	0.153808
-8.091019	0.013041	0.146556
-8.071019	0.012741	0.141462
-8.051019	0.012501	0.137614
-8.030919	0.012356	0.136028
-8.010919	0.012387	0.138583
-7.990919	0.012721	0.148283
-7.970919	0.013572	0.169994
-7.950919	0.015251	0.210865
-7.930919	0.018186	0.280664
-7.910919	0.022920	0.391757
-7.890919	0.030081	0.558410
-7.870919	0.040318	0.795200
-7.850919	0.054186	1.114411
-7.830819	0.071999	1.522620
-7.810819	0.093670	2.016981
-7.790819	0.118574	2.582123
-7.770819	0.145472	3.188697
-7.750819	0.172564	3.794529
-7.730819	0.197653	4.348783
-7.710819	0.218442	4.798819
-7.690819	0.232891	5.098513
-7.670819	0.239570	5.216262
-7.650819	0.237912	5.140721
-7.630719	0.228315	4.882825
-7.610719	0.212055	4.473567
-7.590719	0.191043	3.958144
-7.570719	0.167481	3.387969
-7.550719	0.143509	2.812491
-7.530719	0.120916	2.272571
-7.510719	0.100959	1.796544
-7.490719	0.084315	1.399239
-7.470719	0.071141	1.083494
-7.450719	0.061203	0.843217
-7.430619	0.054032	0.666973
-7.410619	0.049059	0.541255
-7.390619	0.045727	0.452924
-7.370619	0.043553	0.390694
-7.350619	0.042157	0.345742
-7.330619	0.041260	0.311708
-7.310619	0.040668	0.284344
-7.290619	0.040248	0.261021
-7.270619	0.039906	0.240100
-7.250619	0.039564	0.220704
-7.230519	0.039202	0.203410
-7.210519	0.038735	0.187396
-7.190519	0.038109	0.172614
-7.170519	0.037281	0.159103
-7.150519	0.036226	0.146866
-7.130519	0.034942	0.135861
-7.110519	0.033453	0.126013
-7.090519	0.031816	0.117227
-7.070519	0.030108	0.109396
-7.050519	0.028423	0.102418
-7.030419	0.026859	0.096191
-7.010419	0.025506	0.090626
-6.990419	0.024438	0.085641
-6.970419	0.023713	0.081164
-6.950419	0.023366	0.077133
-6.930419	0.023423	0.073498
-6.910419	0.023899	0.070213
-6.890419	0.024803	0.067237
-6.870419	0.026146	0.064531
-6.850419	0.027939	0.062050
-6.830319	0.030190	0.059743
-6.810319	0.032905	0.057552
-6.790319	0.036083	0.055412
-6.770319	0.039715	0.053256
-6.750319	0.043779	0.051023
-6.730319	0.048240	0.048658
-6.710319	0.053041	0.046129
-6.690319	0.058103	0.043421
-6.670319	0.063315	0.040547
-6.650319	0.068534	0.037536
-6.630219	0.073596	0.034442
-6.610219	0.078334	0.031327
-6.590219	0.082605	0.028262
-6.570219	0.086333	0.025322
-6.550219	0.089515	0.022575
-6.530219	0.092278	0.020090
-6.510219	0.094900	0.017927
-6.490219	0.097736	0.016138
-6.470219	0.101256	0.014766
-6.450219	0.105956	0.013842
-6.430119	0.112302	0.013382
-6.410119	0.120681	0.013391
-6.390119	0.131350	0.013854
-6.370119	0.144408	0.014742
-6.350119	0.159795	0.016009
-6.330119	0.177301	0.017598
-6.310119	0.196589	0.019436
-6.290119	0.217217	0.021438
-6.270119	0.238663	0.023510
-6.250119	0.260343	0.025551
-6.230019	0.281635	0.027455
-6.210019	0.301905	0.029121
-6.190019	0.320546	0.030457
-6.170019	0.337044	0.031391
-6.150019	0.351055	0.031877
-6.130019	0.362437	0.031904
-6.110019	0.371333	0.031494
-6.090019	0.378189	0.030702
-6.070019	0.383713	0.029610
-6.050019	0.388823	0.028314
-6.029919	0.394546	0.026916
-6.009919	0.401893	0.025515
-5.989919	0.411750	0.024192
-5.969919	0.424761	0.023014
-5.949919	0.441256	0.022024
-5.929919	0.461201	0.021242
-5.909919	0.484195	0.020672
-5.889919	0.509499	0.020294
-5.869919	0.536113	0.020077
-5.849919	0.562874	0.019978
-5.829819	0.588592	0.019950
-5.809819	0.612184	0.019944
-5.789819	0.632816	0.019920
-5.769819	0.650006	0.019847
-5.749819	0.663685	0.019709
-5.729819	0.674195	0.019507
-5.709819	0.682199	0.019252
-5.689819	0.688566	0.018967
-5.669819	0.694263	0.018680
-5.649819	0.700161	0.018420
-5.629719	0.706990	0.018211
-5.609719	0.715278	0.018074
-5.589719	0.725376	0.018023
-5.569719	0.737505	0.018065
-5.549719	0.751836	0.018204
-5.529719	0.768548	0.018437
-5.509719	0.787861	0.018761
-5.489719	0.810034	0.019167
-5.469719	0.835334	0.019647
-5.449719	0.863961	0.020190
-5.429619	0.895965	0.020785
-5.409619	0.931155	0.021420
-5.389619	0.969034	0.022081
-5.369619	1.008770	0.022755
-5.349619	1.049193	0.023428
-5.329619	1.088868	0.024088
-5.309619	1.126233	0.024721
-5.289619	1.159698	0.025312
-5.269619	1.187817	0.025850
-5.249619	1.209421	0.026316
-5.229519	1.223709	0.026694
-5.209519	1.230280	0.026963
-5.189519	1.229134	0.027099
-5.169519	1.220615	0.027078
-5.149519	1.205351	0.026881
-5.129519	1.184166	0.026492
-5.109519	1.158022	0.025907
-5.089519	1.127932	0.025135
-5.069519	1.094935	0.024195
-5.049519	1.060055	0.023121
-5.029419	1.024277	0.021953
-5.009419	0.988534	0.020733
-4.989419	0.953693	0.019504
-4.969419	0.920553	0.018302
-4.949419	0.889842	0.017158
-4.929419	0.862189	0.016093
-4.909419	0.838101	0.015121
-4.889419	0.817922	0.014250
-4.869419	0.801837	0.013480
-4.849419	0.789700	0.012810
-4.829319	0.781216	0.012230
-4.809319	0.775796	0.011729
-4.789319	0.772708	0.011293
-4.769319	0.771144	0.010903
-4.749319	0.770331	0.010541
-4.729319	0.769695	0.010186
-4.709319	0.768963	0.009821
-4.689319	0.768289	0.009432
-4.669319	0.768258	0.009010
-4.649319	0.769836	0.008555
-4.629219	0.774261	0.008072
-4.609219	0.782780	0.007576
-4.589219	0.796494	0.007085
-4.569219	0.815963	0.006620
-4.549219	0.841148	0.006203
-4.529219	0.871200	0.005853
-4.509219	0.904637	0.005584
-4.489219	0.939475	0.005403
-4.469219	0.973598	0.005312
-4.449219	1.005099	0.005309
-4.429119	1.032711	0.005393
-4.409119	1.056011	0.005564
-4.389119	1.075477	0.005824
-4.369119	1.092350	0.006181
-4.349119	1.108237	0.006641
-4.329119	1.124699	0.007204
-4.309119	1.142707	0.007863
-4.289119	1.162385	0.008593
-4.269119	1.182838	0.009357
-4.249119	1.202338	0.010103
-4.229019	1.218745	0.010772
-4.209019	1.230071	0.011313
-4.189019	1.235045	0.011683
-4.169019	1.233516	0.011866
-4.149019	1.226579	0.011868
-4.129019	1.216378	0.011721
-4.109019	1.205615	0.011476
-4.089019	1.196957	0.011190
-4.069019	1.192374	0.010921
-4.049019	1.192719	0.010713
-4.028919	1.197625	0.010596
-4.008919	1.205471	0.010581
-3.988919	1.213945	0.010664
-3.968919	1.220461	0.010830
-3.948919	1.222801	0.011057
-3.928919	1.219596	0.011328
-3.908919	1.210616	0.011629
-3.888919	1.196820	0.011954
-3.868919	1.180173	0.012305
-3.848919	1.163357	0.012690
-3.828819	1.149250	0.013124
-3.808819	1.140511	0.013618
-3.788819	1.139222	0.014185
-3.768819	1.146583	0.014829
-3.748819	1.162950	0.015548
-3.728819	1.187722	0.016331
-3.708819	1.219634	0.017163
-3.688819	1.256900	0.018021
-3.668819	1.297525	0.018881
-3.648819	1.339508	0.019718
-3.628719	1.381109	0.020508
-3.608719	1.420930	0.021231
-3.588719	1.458082	0.021870
-3.568719	1.492176	0.022413
-3.548719	1.523205	0.022849
-3.528719	1.551457	0.023173
-3.508719	1.577283	0.023380
-3.488719	1.600971	0.023466
-3.468719	1.622528	0.023430
-3.448719	1.641744	0.023275
-3.428619	1.658234	0.023004
-3.408619	1.671526	0.022627
-3.388619	1.681363	0.022163
-3.368619	1.687731	0.021634
-3.348619	1.690989	0.021071
-3.328619	1.691802	0.020508
-3.308619	1.691052	0.019982
-3.288619	1.689682	0.019523
-3.268619	1.688516	0.019157
-3.248619	1.688260	0.018896
-3.228519	1.689503	0.018744
-3.208519	1.692835	0.018693
-3.188519	1.698882	0.018730
-3.168519	1.708361	0.018836
-3.148519	1.722015	0.018994
-3.128519	1.740338	0.019183
-3.108519	1.763326	0.019384
-3.088519	1.790157	0.019576
-3.068519	1.819197	0.019737
-3.048519	1.848035	0.019842
-3.028419	1.873816	0.019868
-3.008419	1.893847	0.019798
-2.988419	1.906211	0.019625
-2.968419	1.909935	0.019354
-2.948419	1.905627	0.019007
-2.928419	1.895148	0.018616
-2.908419	1.881342	0.018222
-2.888419	1.867457	0.017863
-2.868419	1.856601	0.017572
-2.848419	1.851306	0.017373
-2.828319	1.853214	0.017272
-2.808319	1.863016	0.017268
-2.788319	1.880553	0.017350
-2.768319	1.904976	0.017506
-2.748319	1.934852	0.017725
-2.728319	1.968317	0.017998
-2.708319	2.003012	0.018319
-2.688319	2.036093	0.018681
-2.668319	2.064307	0.019074
-2.648319	2.084162	0.019481
-2.628219	2.092261	0.019880
-2.608219	2.085726	0.020242
-2.588219	2.062692	0.020537
-2.568219	2.022527	0.020738
-2.548219	1.966068	0.020823
-2.528219	1.895425	0.020781
-2.508219	1.813604	0.020615
-2.488219	1.724083	0.020337
-2.468219	1.630383	0.019972
-2.448219	1.535720	0.019553
-2.428119	1.442838	0.019123
-2.408119	1.354012	0.018725
-2.388119	1.271173	0.018409
-2.368119	1.196162	0.018223
-2.348119	1.130502	0.018208
-2.328119	1.075641	0.018401
-2.308119	1.032697	0.018823
-2.288119	1.002234	0.019477
-2.268119	0.984112	0.020343
-2.248119	0.977309	0.021372
-2.228019	0.980076	0.022492
-2.208019	0.990184	0.023610
-2.188019	1.005293	0.024623
-2.168019	1.023449	0.025434
-2.148019	1.043785	0.025967
-2.128019	1.066136	0.026178
-2.108019	1.091648	0.026068
-2.088019	1.122143	0.025681
-2.068019	1.159714	0.025094
-2.048019	1.206049	0.024404
-2.027919	1.261974	0.023708
-2.007919	1.327150	0.023084
-1.987919	1.400024	0.022580
-1.967919	1.478141	0.022209
-1.947919	1.558224	0.021947
-1.927919	1.636910	0.021749
-1.907919	1.710829	0.021556
-1.887919	1.776906	0.021310
-1.867919	1.832469	0.020965
-1.847919	1.875388	0.020490
-1.827819	1.904145	0.019877
-1.807819	1.918059	0.019136
-1.787819	1.917451	0.018294
-1.767819	1.903749	0.017388
-1.747819	1.879387	0.016463
-1.727819	1.847628	0.015563
-1.707819	1.812054	0.014728
-1.687819	1.776170	0.013987
-1.667819	1.742781	0.013362
-1.647819	1.713639	0.012858
-1.627719	1.689331	0.012474
-1.607719	1.669301	0.012202
-1.587719	1.652230	0.012032
-1.567719	1.636407	0.011957
-1.547719	1.620182	0.011974
-1.527719	1.602476	0.012088
-1.507719	1.582657	0.012306
-1.487719	1.560745	0.012636
-1.467719	1.537208	0.013078
-1.447719	1.512675	0.013625
-1.427619	1.487776	0.014257
-1.407619	1.462975	0.014944
-1.387619	1.438531	0.015646
-1.367619	1.414589	0.016320
-1.347619	1.391203	0.016927
-1.327619	1.368432	0.017433
-1.307619	1.346539	0.017814
-1.287619	1.325694	0.018060
-1.267619	1.306152	0.018166
-1.247619	1.288160	0.018137
-1.227519	1.271971	0.017985
-1.207519	1.257839	0.017726
-1.187519	1.246138	0.017380
-1.167519	1.237371	0.016972
-1.147519	1.232160	0.016528
-1.127519	1.231361	0.016077
-1.107519	1.235609	0.015645
-1.087519	1.245439	0.015254
-1.067519	1.261032	0.014916
-1.047519	1.282168	0.014636
-1.027419	1.308176	0.014409
-1.007419	1.338037	0.014220
-0.987419	1.370414	0.014055
-0.967419	1.403787	0.013898
-0.947419	1.436589	0.013736
-0.927419	1.467340	0.013565
-0.907419	1.494601	0.013384
-0.887419	1.517291	0.013199
-0.867419	1.534519	0.013020
-0.847419	1.545868	0.012858
-0.827319	1.551375	0.012722
-0.807319	1.551575	0.012622
-0.787319	1.547580	0.012565
-0.767319	1.540999	0.012553
-0.747319	1.533953	0.012593
-0.727319	1.528872	0.012687
-0.707319	1.528305	0.012839
-0.687319	1.534624	0.013051
-0.667319	1.549648	0.013323
-0.647319	1.574272	0.013650
-0.627219	1.608156	0.014018
-0.607219	1.649541	0.014407
-0.587219	1.695339	0.014786
-0.567219	1.741455	0.015119
-0.547219	1.783312	0.015369
-0.527219	1.816575	0.015506
-0.507219	1.837824	0.015506
-0.487219	1.845080	0.015364
-0.467219	1.838058	0.015087
-0.447219	1.818088	0.014700
-0.427119	1.787633	0.014234
-0.407119	1.749725	0.013725
-0.387119	1.707297	0.013206
-0.367119	1.662578	0.012699
-0.347119	1.616826	0.012217
-0.327119	1.570257	0.011760
-0.307119	1.522300	0.011318
-0.287119	1.472014	0.010879
-0.267119	1.418559	0.010428
-0.247119	1.361622	0.009958
-0.227019	1.301631	0.009467
-0.207019	1.239822	0.008961
-0.187019	1.178066	0.008454
-0.167019	1.118599	0.007963
-0.147019	1.063649	0.007507
-0.127019	1.015095	0.007105
-0.107019	0.974251	0.006770
-0.087019	0.941779	0.006514
-0.067019	0.917589	0.006342
-0.047019	0.901147	0.006258
-0.026919	0.891531	0.006262
-0.006919	0.887732	0.006354
0.013081	0.888813	0.006533
0.033081	0.894005	0.006796
0.053081	0.902698	0.007137
0.073081	0.914393	0.007547
0.093081	0.928568	0.008014
0.113081	0.944544	0.008523
0.133081	0.961400	0.009056
0.153081	0.977961	0.009600
0.173181	0.992841	0.010145
0.193181	1.004594	0.010696
0.213181	1.011862	0.011267
0.233181	1.013535	0.011891
0.253181	1.008872	0.012611
0.273181	0.997591	0.013481
0.293181	0.979880	0.014559
0.313181	0.956357	0.015900
0.333181	0.927995	0.017543
0.353181	0.896012	0.019508
0.373281	0.861741	0.021790
0.393281	0.826497	0.024350
0.413281	0.791447	0.027120
0.433281	0.757500	0.030004
0.453281	0.725217	0.032883
0.473281	0.694776	0.035625
0.493281	0.665980	0.038091
0.513281	0.638300	0.040145
0.533281	0.610977	0.041662
0.553281	0.583142	0.042539
0.573381	0.553966	0.042703
0.593381	0.522801	0.042121
0.613381	0.489305	0.040812
0.633381	0.453530	0.038846
0.653381	0.415935	0.036348
0.673381	0.377330	0.033481
0.693381	0.338811	0.030441
0.713381	0.301562	0.027425
0.733381	0.266736	0.024613
0.753381	0.235295	0.022147
0.773481	0.207912	0.020122
0.793481	0.184931	0.018577
0.813481	0.166413	0.017509
0.833481	0.152181	0.016881
0.853481	0.141903	0.016641
0.873481	0.135186	0.016730
0.893481	0.131598	0.017095
0.913481	0.130702	0.017685
0.933481	0.132056	0.018455
0.953481	0.135190	0.019356
0.973581	0.139601	0.020334
0.993581	0.144769	0.021333
1.013581	0.150181	0.022297
1.033581	0.155380	0.023179
1.053581	0.160015	0.023952
1.073581	0.163884	0.024617
1.093581	0.166920	0.025201
1.113581	0.169198	0.025755
1.133581	0.170902	0.026344
1.153581	0.172269	0.027036
1.173681	0.173557	0.027894
1.193681	0.175005	0.028967
1.213681	0.176814	0.030282
1.233681	0.179130	0.031850
1.253681	0.182045	0.033665
1.273681	0.185600	0.035711
1.293681	0.189779	0.037961
1.313681	0.194504	0.040381
1.333681	0.199633	0.042927
1.353681	0.204960	0.045546
1.373781	0.210211	0.048170
1.393781	0.215055	0.050714
1.413781	0.219123	0.053083
1.433781	0.222039	0.055169
1.453781	0.223455	0.056869
1.473781	0.223104	0.058092
1.493781	0.220845	0.058781
1.513781	0.216686	0.058921
1.533781	0.210792	0.058544
1.553781	0.203488	0.057735
1.573881	0.195245	0.056627
1.593881	0.186626	0.055385
1.613881	0.178240	0.054190
1.633881	0.170699	0.053224
1.653881	0.164587	0.052656
1.673881	0.160433	0.052636
1.693881	0.158691	0.053284
1.713881	0.159715	0.054689
1.733881	0.163732	0.056900
1.753881	0.170797	0.059912
1.773981	0.180736	0.063656
1.793981	0.193105	0.067983
1.813981	0.207166	0.072655
1.833981	0.221905	0.077360
1.853981	0.236110	0.081727
1.873981	0.248496	0.085367
1.893981	0.257868	0.087929
1.913981	0.263296	0.089146
1.933981	0.264235	0.088878
1.953981	0.260602	0.087130
1.974081	0.252765	0.084052
1.994081	0.241445	0.079899
2.014081	0.227578	0.074991
2.034081	0.212152	0.069661
2.054081	0.196063	0.064207
2.074081	0.180007	0.058856
2.094081	0.164445	0.053757
2.114081	0.149608	0.048985
2.134081	0.135551	0.044550
2.154081	0.122230	0.040439
2.174181	0.109552	0.036612
2.194181	0.097463	0.033049
2.214181	0.085973	0.029758
2.234181	0.075177	0.026786
2.254181	0.065250	0.024228
2.274181	0.056435	0.022226
2.294181	0.049006	0.020968
2.314181	0.043247	0.020681
2.334181	0.039408	0.021609
2.354181	0.037704	0.024011
2.374281	0.038258	0.028110
2.394281	0.041081	0.034068
2.414281	0.046076	0.041946
2.434281	0.053015	0.051672
2.454281	0.061548	0.063019
2.474281	0.071220	0.075604
2.494281	0.081511	0.088925
2.514281	0.091892	0.102418
2.534281	0.101890	0.115535
2.554281	0.111149	0.127837
2.574381	0.119481	0.139060
2.594381	0.126874	0.149157
2.614381	0.133482	0.158297
2.634381	0.139574	0.166825
2.654381	0.145457	0.175165
2.674381	0.151406	0.183759
2.694381	0.157598	0.192962
2.714381	0.164065	0.202986
2.734381	0.170685	0.213869
2.754381	0.177200	0.225473
2.774481	0.183255	0.237515
2.794481	0.188455	0.249609
2.814481	0.192420	0.261315
2.834481	0.194834	0.272181
2.854481	0.195481	0.281778
2.874481	0.194262	0.289720
2.894481	0.191200	0.295672
2.914481	0.186419	0.299360
2.934481	0.180129	0.300579
2.954481	0.172598	0.299208
2.974581	0.164124	0.295229
2.994581	0.155029	0.288773
3.014581	0.145620	0.280114
3.034581	0.136196	0.269694
3.054581	0.127030	0.258100
3.074581	0.118364	0.246022
3.094581	0.110393	0.234185
3.114581	0.103261	0.223275
3.134581	0.097050	0.213864
3.154581	0.091781	0.206364
3.174681	0.087424	0.200995
3.194681	0.083901	0.197798
3.214681	0.081111	0.196664
3.234681	0.078944	0.197379
3.254681	0.077292	0.199669
3.274681	0.076065	0.203248
3.294681	0.075189	0.207842
3.314681	0.074607	0.213209
3.334681	0.074277	0.219146
3.354681	0.074164	0.225486
3.374781	0.074233	0.232096
3.394781	0.074448	0.238879
3.414781	0.074773	0.245773
3.434781	0.075172	0.252761
3.454781	0.075604	0.259844
3.474781	0.076042	0.267091
3.494781	0.076463	0.274581
3.514781	0.076856	0.282428
3.534781	0.077227	0.290764
3.554781	0.077597	0.299741
3.574881	0.078009	0.309517
3.594881	0.078523	0.320267
3.614881	0.079221	0.332198
3.634881	0.080206	0.345568
3.654881	0.081594	0.360698
3.674881	0.083506	0.377985
3.694881	0.086059	0.397901
3.714881	0.089350	0.421020
3.734881	0.093439	0.447878
3.754881	0.098347	0.479113
3.774981	0.104052	0.515407
3.794981	0.110488	0.557491
3.814981	0.117562	0.606182
3.834981	0.125166	0.662396
3.854981	0.133194	0.727144
3.874981	0.141546	0.801460
3.894981	0.150132	0.886246
3.914981	0.158860	0.982011
3.934981	0.167616	1.088510
3.954981	0.176238	1.204329
3.975081	0.184496	1.326512
3.995081	0.192078	1.450321
4.015081	0.198596	1.569268
4.035081	0.203609	1.675493
4.055081	0.206671	1.760515
4.075081	0.207391	1.816274
4.095081	0.205501	1.836309
4.115081	0.200910	1.816825
4.135081	0.193741	1.757429
4.155081	0.184333	1.661332
4.175181	0.173205	1.534983
4.195181	0.160997	1.387183
4.215181	0.148388	1.227873
4.235181	0.136019	1.066849
4.255181	0.124418	0.912634
4.275181	0.113970	0.771723
4.295181	0.104881	0.648194
4.315181	0.097203	0.543787
4.335181	0.090862	0.458254
4.355181	0.085695	0.389910
4.375281	0.081497	0.336206
4.395281	0.078062	0.294293
4.415281	0.075217	0.261436
4.435281	0.072840	0.235297
4.455281	0.070873	0.214091
4.475281	0.069323	0.196609
4.495281	0.068247	0.182165
4.515281	0.067749	0.170501
4.535281	0.067949	0.161621
4.555281	0.068976	0.155744
4.575381	0.070936	0.153038
4.595381	0.073906	0.153640
4.615381	0.077918	0.157602
4.635381	0.082943	0.164839
4.655381	0.088890	0.175165
4.675381	0.095595	0.188281
4.695381	0.102830	0.203852
4.715381	0.110310	0.221538
4.735381	0.117711	0.241017
4.755381	0.124698	0.262017
4.775481	0.130951	0.284315
4.795481	0.136200	0.307730
4.815481	0.140252	0.332092
4.835481	0.143005	0.357190
4.855481	0.144457	0.382717
4.875481	0.144692	0.408193
4.895481	0.143861	0.432914
4.915481	0.142147	0.455907
4.935481	0.139735	0.475939
4.955481	0.136785	0.491575
4.975581	0.133409	0.501314
4.995581	0.129673	0.503774
5.015581	0.125603	0.497917
5.035581	0.121201	0.483256
5.055581	0.116469	0.460015
5.075581	0.111426	0.429163
5.095581	0.106119	0.392343
5.115581	0.100629	0.351670
5.135581	0.095055	0.309451
5.155581	0.089510	0.267893
5.175681	0.084101	0.228846
5.195681	0.078927	0.193648
5.215681	0.074062	0.163059
5.235681	0.069565	0.137306
5.255681	0.065474	0.116203
5.275681	0.061815	0.099284
5.295681	0.058609	0.085957
5.315681	0.055866	0.075604
5.335681	0.053589	0.067650
5.355681	0.051779	0.061612
5.375781	0.050430	0.057099
5.395781	0.049535	0.053802
5.415781	0.049080	0.051474
5.435781	0.049054	0.049924
5.455781	0.049444	0.049005
5.475781	0.050236	0.048597
5.495781	0.051417	0.048613
5.515781	0.052970	0.048974
5.535781	0.054875	0.049608
5.555781	0.057106	0.050471
5.575881	0.059634	0.051522
5.595881	0.062413	0.052727
5.615881	0.065383	0.054045
5.635881	0.068461	0.055427
5.655881	0.071536	0.056808
5.675881	0.074471	0.058102
5.695881	0.077100	0.059206
5.715881	0.079252	0.060003
5.735881	0.080756	0.060373
5.755881	0.081472	0.060211
5.775981	0.081309	0.059436
5.795981	0.080239	0.058011
5.815981	0.078313	0.055944
5.835981	0.075655	0.053296
5.855981	0.072451	0.050172
5.875981	0.068935	0.046714
5.895981	0.065359	0.043080
5.915981	0.061969	0.039437
5.935981	0.058984	0.035940
5.955981	0.056577	0.032722
5.976081	0.054866	0.029891
5.996081	0.053910	0.027521
6.016081	0.053721	0.025660
6.036081	0.054276	0.024334
6.056081	0.055527	0.023546
6.076081	0.057427	0.023296
6.096081	0.059944	0.023578
6.116081	0.063066	0.024389
6.136081	0.066811	0.025731
6.156081	0.071215	0.027606
6.176181	0.076324	0.030019
6.196181	0.082178	0.032966
6.216181	0.088789	0.036430
6.236181	0.096118	0.040373
6.256181	0.104065	0.044728
6.276181	0.112443	0.049389
6.296181	0.120985	0.054210
6.316181	0.129345	0.059005
6.336181	0.137118	0.063553
6.356181	0.143877	0.067617
6.376281	0.149208	0.070960
6.396281	0.152766	0.073379
6.416281	0.154317	0.074729
6.436281	0.153776	0.074948
6.456281	0.151222	0.074071
6.476281	0.146902	0.072233
6.496281	0.141209	0.069655
6.516281	0.134641	0.066619
6.536281	0.127744	0.063432
6.556281	0.121063	0.060394
6.576381	0.115083	0.057766
6.596381	0.110188	0.055738
6.616381	0.106622	0.054414
6.636381	0.104475	0.053808
6.656381	0.103677	0.053845
6.676381	0.104010	0.054373
6.696381	0.105137	0.055186
6.716381	0.106640	0.056051
6.736381	0.108070	0.056743
6.756381	0.109005	0.057067
6.776481	0.109104	0.056890
6.796481	0.108153	0.056153
6.816481	0.106087	0.054876
6.836481	0.102993	0.053145
6.856481	0.099094	0.051095
6.876481	0.094701	0.048883
6.896481	0.090157	0.046657
6.916481	0.085784	0.044537
6.936481	0.081835	0.042598
6.956481	0.078468	0.040868
6.976581	0.075735	0.039331
6.996581	0.073599	0.037940
7.016581	0.071955	0.036634
7.036581	0.070665	0.035356
7.056581	0.069589	0.034058
7.076581	0.068610	0.032718
7.096581	0.067642	0.031331
7.116581	0.066641	0.029914
7.136581	0.065594	0.028496
7.156581	0.064515	0.027107
7.176681	0.063428	0.025781
7.196681	0.062368	0.024541
7.216681	0.061363	0.023405
7.236681	0.060439	0.022381
7.256681	0.059615	0.021470
7.276681	0.058907	0.020670
7.296681	0.058330	0.019977
7.316681	0.057898	0.019388
7.336681	0.057625	0.018901
7.356681	0.057527	0.018517
7.376781	0.057623	0.018238
7.396781	0.057928	0.018071
7.416781	0.058461	0.018021
7.436781	0.059241	0.018097
7.456781	0.060286	0.018306
7.476781	0.061614	0.018658
7.496781	0.063245	0.019160
7.516781	0.065192	0.019816
7.536781	0.067460	0.020629
7.556781	0.070041	0.021596
7.576881	0.072908	0.022705
7.596881	0.076009	0.023940
7.616881	0.079269	0.025278
7.636881	0.082590	0.026690
7.656881	0.085859	0.028144
7.676881	0.088963	0.029610
7.696881	0.091796	0.031056
7.716881	0.094277	0.032460
7.736881	0.096356	0.033801
7.756881	0.098021	0.035065
7.776981	0.099287	0.036243
7.796981	0.100197	0.037324
7.816981	0.100800	0.038300
7.836981	0.101146	0.039155
7.856981	0.101272	0.039874
7.876981	0.101200	0.040435
7.896981	0.100938	0.040817
7.916981	0.100490	0.041005
7.936981	0.099862	0.040993
7.956981	0.099075	0.040787
7.977081	0.098165	0.040405
7.997081	0.097184	0.039881
8.017081	0.096188	0.039253
8.037081	0.095232	0.038558
8.057081	0.094348	0.037827
8.077081	0.093541	0.037079
8.097081	0.092783	0.036318
8.117081	0.092015	0.035535
8.137081	0.091162	0.034714
8.157081	0.090145	0.033836
8.177181	0.088896	0.032888
8.197181	0.087373	0.031870
8.217181	0.085562	0.030790
8.237181	0.083481	0.029670
8.257181	0.081176	0.028543
8.277181	0.078706	0.027441
8.297181	0.076147	0.026403
8.317181	0.073572	0.025462
8.337181	0.071057	0.024648
8.357181	0.068671	0.023986
8.377281	0.066476	0.023495
8.397281	0.064531	0.023192
8.417281	0.062885	0.023088
8.437281	0.061576	0.023190
8.457281	0.060629	0.023500
8.477281	0.060048	0.024009
8.497281	0.059815	0.024700
8.517281	0.059882	0.025544
8.537281	0.060175	0.026498
8.557281	0.060597	0.027510
8.577381	0.061039	0.028519
8.597381	0.061399	0.029470
8.617381	0.061596	0.030318
8.637381	0.061592	0.031040
8.657381	0.061406	0.031642
8.677381	0.061107	0.032154
8.697381	0.060817	0.032634
8.717381	0.060680	0.033149
8.737381	0.060845	0.033764
8.757381	0.061431	0.034527
8.777481	0.062508	0.035461
8.797481	0.064081	0.036550
8.817481	0.066086	0.037751
8.837481	0.068397	0.038996
8.857481	0.070839	0.040202
8.877481	0.073212	0.041289
8.897481	0.075313	0.042188
8.917481	0.076959	0.042852
8.937481	0.078009	0.043259
8.957481	0.078372	0.043415
8.977581	0.078024	0.043352
8.997581	0.077005	0.043125
9.017581	0.075413	0.042810
9.037581	0.073397	0.042496
9.057581	0.071133	0.042277
9.077581	0.068812	0.042247
9.097581	0.066615	0.042485
9.117581	0.064694	0.043043
9.137581	0.063158	0.043938
9.157581	0.062062	0.045138
9.177681	0.061401	0.046565
9.197681	0.061108	0.048094
9.217681	0.061069	0.049561
9.237681	0.061135	0.050789
9.257681	0.061142	0.051603
9.277681	0.060938	0.051862
9.297681	0.060412	0.051481
9.317681	0.059505	0.050441
9.337681	0.058233	0.048807
9.357681	0.056686	0.046716
9.377781	0.055021	0.044366
9.397781	0.053444	0.041990
9.417781	0.052179	0.039835
9.437781	0.051441	0.038126
9.457781	0.051411	0.037051
9.477781	0.052203	0.036735
9.497781	0.053857	0.037239
9.517781	0.056334	0.038546
9.537781	0.059518	0.040574
9.557781	0.063227	0.043176
9.577881	0.067241	0.046158
9.597881	0.071314	0.049288
9.617881	0.075203	0.052322
9.637881	0.078685	0.055022
9.657881	0.081580	0.057177
9.677881	0.083758	0.058624
9.697881	0.085146	0.059264
9.717881	0.085728	0.059067
9.737881	0.085534	0.058073
9.757881	0.084629	0.056380
9.777981	0.083100	0.054128
9.797981	0.081041	0.051479
9.817981	0.078542	0.048593
9.837981	0.075688	0.045619
9.857981	0.072563	0.042683
9.877981	0.069253	0.039885
9.897981	0.065857	0.037306
9.917981	0.062492	0.035009
9.937981	0.059288	0.033046
9.957981	0.056384	0.031461
9.978081	0.053914	0.030287
9.998081	0.051989	0.029546
10.018081	0.050686	0.029239
10.038081	0.050027	0.029341
10.058081	0.049982	0.029799
10.078081	0.050470	0.030532
10.098081	0.051365	0.031431
10.118081	0.052518	0.032380
10.138081	0.053783	0.033262
10.158081	0.055026	0.033978
10.178181	0.056157	0.034462
10.198181	0.057139	0.034695
10.218181	0.057992	0.034706
10.238181	0.058794	0.034573
10.258181	0.059660	0.034408
10.278181	0.060727	0.034340
10.298181	0.062120	0.034494
10.318181	0.063929	0.034968
10.338181	0.066184	0.035816
10.358181	0.068846	0.037037
10.378281	0.071804	0.038578
10.398281	0.074887	0.040341
10.418281	0.077894	0.042199
10.438281	0.080612	0.044011
10.458281	0.082858	0.045645
10.478281	0.084488	0.046992
10.498281	0.085423	0.047971
10.518281	0.085643	0.048537
10.538281	0.085184	0.048677
10.558281	0.084126	0.048406
10.578381	0.082579	0.047763
10.598381	0.080671	0.046803
10.618381	0.078536	0.045598
10.638381	0.076312	0.044223
10.658381	0.074131	0.042762
10.678381	0.072118	0.041297
10.698381	0.070379	0.039903
10.718381	0.068998	0.038647
10.738381	0.068032	0.037576
10.758381	0.067500	0.036722
10.778481	0.067387	0.036093
10.798481	0.067645	0.035681
10.818481	0.068202	0.035459
10.838481	0.068971	0.035390
10.858481	0.069867	0.035434
10.878481	0.070817	0.035555
10.898481	0.071773	0.035725
10.918481	0.072715	0.035926
10.938481	0.073649	0.036159
10.958481	0.074610	0.036434
10.978581	0.075651	0.036777
10.998581	0.076832	0.037221
11.018581	0.078222	0.037806
11.038581	0.079886	0.038579
11.058581	0.081886	0.039587
11.078581	0.084281	0.040881
11.098581	0.087114	0.042506
11.118581	0.090413	0.044499
11.138581	0.094175	0.046876
11.158581	0.098356	0.049623
11.178681	0.102859	0.052689
11.198681	0.107538	0.055978
11.218681	0.112198	0.059357
11.238681	0.116616	0.062662
11.258681	0.120559	0.065718
11.278681	0.123821	0.068356
11.298681	0.126238	0.070437
11.318681	0.127712	0.071863
11.338681	0.128218	0.072588
11.358681	0.127802	0.072617
11.378781	0.126580	0.072000
11.398781	0.124713	0.070823
11.418781	0.122402	0.069194
11.438781	0.119858	0.067232
11.458781	0.117293	0.065057
11.478781	0.114896	0.062785
11.498781	0.112814	0.060518
11.518781	0.111142	0.058345
11.538781	0.109908	0.056332
11.558781	0.109073	0.054526
11.578881	0.108545	0.052950
11.598881	0.108192	0.051610
11.618881	0.107866	0.050494
11.638881	0.107429	0.049580
11.658881	0.106769	0.048837
11.678881	0.105814	0.048232
11.698881	0.104534	0.047728
11.718881	0.102944	0.047288
11.738881	0.101090	0.046879
11.758881	0.099044	0.046468
11.778981	0.096892	0.046026
11.798981	0.094731	0.045528
11.818981	0.092658	0.044960
11.838981	0.090768	0.044314
11.858981	0.089146	0.043595
11.878981	0.087869	0.042814
11.898981	0.086997	0.041993
11.918981	0.086577	0.041160
11.938981	0.086631	0.040344
11.958981	0.087164	0.039573
11.979081	0.088153	0.038871
11.999081	0.089553	0.038254
12.019081	0.091295	0.037730
12.039081	0.093289	0.037299
12.059081	0.095422	0.036946
12.079081	0.097571	0.036656
12.099081	0.099610	0.036404
12.119081	0.101420	0.036165
12.139081	0.102896	0.035917
12.159081	0.103961	0.035640
12.179181	0.104574	0.035323
12.199181	0.104733	0.034962
12.219181	0.104481	0.034564
12.239181	0.103902	0.034144
12.259181	0.103113	0.033727
12.279181	0.102257	0.033342
12.299181	0.101482	0.033023
12.319181	0.100928	0.032798
12.339181	0.100709	0.032694
12.359181	0.100895	0.032728
12.379281	0.101503	0.032906
12.399281	0.102495	0.033223
12.419281	0.103779	0.033667
12.439281	0.105228	0.034219
12.459281	0.106691	0.034859
12.479281	0.108025	0.035568
12.499281	0.109114	0.036334
12.519281	0.109891	0.037154
12.539281	0.110353	0.038030
12.559281	0.110565	0.038974
12.579381	0.110652	0.040002
12.599381	0.110787	0.041135
12.619381	0.111166	0.042388
12.639381	0.111977	0.043776
12.659381	0.113378	0.045302
12.679381	0.115465	0.046960
12.699381	0.118258	0.048730
12.719381	0.121691	0.050575
12.739381	0.125605	0.052442
12.759381	0.129763	0.054263
12.779481	0.133863	0.055957
12.799481	0.137568	0.057436
12.819481	0.140531	0.058612
12.839481	0.142447	0.059412
12.859481	0.143074	0.059779
12.879481	0.142286	0.059696
12.899481	0.140088	0.059178
12.919481	0.136631	0.058287
12.939481	0.132208	0.057124
12.959481	0.127232	0.055820
12.979581	0.122190	0.054528
12.999581	0.117599	0.053405
13.019581	0.113940	0.052594
13.039581	0.111609	0.052208
13.059581	0.110867	0.052319
13.079581	0.111805	0.052942
13.099581	0.114326	0.054034
13.119581	0.118160	0.055496
13.139581	0.122894	0.057186
13.159581	0.128023	0.058934
13.179681	0.133025	0.060565
13.199681	0.137431	0.061925
13.219681	0.140885	0.062893
13.239681	0.143184	0.063400
13.259681	0.144287	0.063426
13.279681	0.144291	0.062988
13.299681	0.143379	0.062130
13.319681	0.141765	0.060902
13.339681	0.139643	0.059348
13.359681	0.137150	0.057501
13.379781	0.134355	0.055382
13.399781	0.131277	0.053009
13.419781	0.127906	0.050408
13.439781	0.124225	0.047620
13.459781	0.120240	0.044702
13.479781	0.115979	0.041728
13.499781	0.111499	0.038778
13.519781	0.106876	0.035930
13.539781	0.102201	0.033253
13.559781	0.097578	0.030808
13.579881	0.093128	0.028640
13.599881	0.088994	0.026788
13.619881	0.085341	0.025289
13.639881	0.082360	0.024184
13.659881	0.080250	0.023515
13.679881	0.079214	0.023333
13.699881	0.079429	0.023688
13.719881	0.081032	0.024623
13.739881	0.084106	0.026172
13.759881	0.088666	0.028350
13.779981	0.094657	0.031143
13.799981	0.101950	0.034510
13.819981	0.110355	0.038377
13.839981	0.119630	0.042642
13.859981	0.129497	0.047181
13.879981	0.139665	0.051860
13.899981	0.149846	0.056542
13.919981	0.159771	0.061102
13.939981	0.169199	0.065435
13.959981	0.177921	0.069459
13.980081	0.185758	0.073120
14.000081	0.192560	0.076386
14.020081	0.198203	0.079254
14.040081	0.202594	0.081739
14.060081	0.205670	0.083877
14.080081	0.207406	0.085718
14.100081	0.207826	0.087326
14.120081	0.206997	0.088774
14.140081	0.205025	0.090131
14.160081	0.202050	0.091458
14.180181	0.198225	0.092796
14.200181	0.193710	0.094157
14.220181	0.188658	0.095518
14.240181	0.183220	0.096821
14.260181	0.177544	0.097981
14.280181	0.171776	0.098892
14.300181	0.166072	0.099444
14.320181	0.160587	0.099541
14.340181	0.155474	0.099115
14.360181	0.150864	0.098137
14.380281	0.146853	0.096622
14.400281	0.143491	0.094628
14.420281	0.140766	0.092242
14.440281	0.138617	0.089569
14.460281	0.136939	0.086715
14.480281	0.135602	0.083776
14.500281	0.134479	0.080830
14.520281	0.133457	0.077936
14.540281	0.132459	0.075136
14.560281	0.131430	0.072454
14.580381	0.130346	0.069913
14.600381	0.129194	0.067528
14.620381	0.127973	0.065317
14.640381	0.126683	0.063306
14.660381	0.125344	0.061535
14.680381	0.123994	0.060056
14.700381	0.122706	0.058943
14.720381	0.121593	0.058281
14.740381	0.120801	0.058157
14.760381	0.120493	0.058641
14.780481	0.120823	0.059771
14.800481	0.121910	0.061534
14.820481	0.123813	0.063855
14.840481	0.126513	0.066597
14.860481	0.129906	0.069572
14.880481	0.133813	0.072565
14.900481	0.137994	0.075357
14.920481	0.142173	0.077754
14.940481	0.146067	0.079609
14.960481	0.149417	0.080831
14.980581	0.152007	0.081392
15.000581	0.153689	0.081317
15.020581	0.154390	0.080669
15.040581	0.154105	0.079536
15.060581	0.152892	0.078014
15.080581	0.150842	0.076193
15.100581	0.148063	0.074158
15.120581	0.144653	0.071976
15.140581	0.140690	0.069700
15.160581	0.136227	0.067370
15.180681	0.131300	0.065011
15.200681	0.125947	0.062643
15.220681	0.120230	0.060278
15.240681	0.114248	0.057931
15.260681	0.108159	0.055619
15.280681	0.102178	0.053373
15.300681	0.096565	0.051235
15.320681	0.091614	0.049263
15.340681	0.087622	0.047528
15.360681	0.084862	0.046110
15.380781	0.083556	0.045095
15.400781	0.083841	0.044550
15.420781	0.085758	0.044531
15.440781	0.089240	0.045062
15.460781	0.094107	0.046135
15.480781	0.100080	0.047705
15.500781	0.106810	0.049695
15.520781	0.113900	0.052004
15.540781	0.120949	0.054517
15.560781	0.127592	0.057117
15.580881	0.133528	0.059701
15.600881	0.138548	0.062184
15.620881	0.142541	0.064503
15.640881	0.145485	0.066621
15.660881	0.147431	0.068516
15.680881	0.148476	0.070183
15.700881	0.148742	0.071621
15.720881	0.148346	0.072833
15.740881	0.147405	0.073825
15.760881	0.146022	0.074607
15.780981	0.144308	0.075202
15.800981	0.142383	0.075642
15.820981	0.140390	0.075976
15.840981	0.138500	0.076263
15.860981	0.136898	0.076567
15.880981	0.135779	0.076951
15.900981	0.135322	0.077467
15.920981	0.135679	0.078150
15.940981	0.136955	0.079016
15.960981	0.139196	0.080062
15.981081	0.142382	0.081268
16.001081	0.146419	0.082602
16.021081	0.151142	0.084020
16.041081	0.156315	0.085472
16.061081	0.161644	0.086899
16.081081	0.166801	0.088246
16.101081	0.171452	0.089467
16.121081	0.175298	0.090537
16.141081	0.178118	0.091467
16.161081	0.179807	0.092317
16.181181	0.180396	0.093193
16.201181	0.180051	0.094250
16.221181	0.179050	0.095661
16.241181	0.177723	0.097588
16.261181	0.176394	0.100138
16.281181	0.175303	0.103326
16.301181	0.174561	0.107042
16.321181	0.174118	0.111051
16.341181	0.173777	0.115002
16.361181	0.173233	0.118477
16.381281	0.172138	0.121050
16.401281	0.170186	0.122357
16.421281	0.167174	0.122155
16.441281	0.163054	0.120367
16.461281	0.157939	0.117091
16.481281	0.152090	0.112585
16.501281	0.145856	0.107222
16.521281	0.139617	0.101424
16.541281	0.133714	0.095605
16.561281	0.128401	0.090112
16.581381	0.123816	0.085193
16.601381	0.119978	0.080984
16.621381	0.116808	0.077520
16.641381	0.114165	0.074755
16.661381	0.111889	0.072599
16.681381	0.109834	0.070947
16.701381	0.107905	0.069703
16.721381	0.106061	0.068799
16.741381	0.104327	0.068200
16.761381	0.102771	0.067902
16.781481	0.101501	0.067930
16.801481	0.100638	0.068323
16.821481	0.100306	0.069130
16.841481	0.100614	0.070397
16.861481	0.101650	0.072160
16.881481	0.103477	0.074437
16.901481	0.106123	0.077223
16.921481	0.109587	0.080483
16.941481	0.113831	0.084158
16.961481	0.118782	0.088161
16.981581	0.124326	0.092383
17.001581	0.130317	0.096707
17.021581	0.136569	0.101009
17.041581	0.142875	0.105174
17.061581	0.149017	0.109102
17.081581	0.154784	0.112714
17.101581	0.159992	0.115954
17.121581	0.164503	0.118791
17.141581	0.168238	0.121213
17.161581	0.171183	0.123227
17.181681	0.173383	0.124848
17.201681	0.174933	0.126102
17.221681	0.175948	0.127014
17.241681	0.176546	0.127607
17.261681	0.176819	0.127899
