Energy(eV)	C_p_DOS	Pt_d_DOS
-21.585707	0.000000	0.000000
-21.545707	0.000000	0.000000
-21.505607	0.000000	0.000000
-21.465607	0.000000	0.000000
-21.425507	0.000000	0.000000
-21.385507	0.000000	0.000000
-21.345507	0.000000	0.000000
-21.305407	0.000000	0.000000
-21.265407	0.000000	0.000000
-21.225307	0.000000	0.000000
-21.185307	0.000000	0.000000
-21.145307	0.000000	0.000000
-21.105207	0.000000	0.000000
-21.065207	0.000000	0.000000
-21.025107	0.000000	0.000000
-20.985107	0.000000	0.000000
-20.945107	0.000000	0.000000
-20.905007	0.000000	0.000000
-20.865007	0.000000	0.000000
-20.824907	0.000000	0.000000
-20.784907	0.000000	0.000000
-20.744907	0.000000	0.000000
-20.704807	0.000000	0.000000
-20.664807	0.000000	0.000000
-20.624707	0.000000	0.000000
-20.584707	0.000000	0.000000
-20.544707	0.000000	0.000000
-20.504607	0.000000	0.000000
-20.464607	0.000000	0.000000
-20.424507	0.000000	0.000000
-20.384507	0.000000	0.000000
-20.344507	0.000000	0.000000
-20.304407	0.000000	0.000000
-20.264407	0.000000	0.000000
-20.224307	0.000000	0.000000
-20.184307	0.000000	0.000000
-20.144307	0.000000	0.000000
-20.104207	0.000000	0.000000
-20.064207	0.000000	0.000000
-20.024107	0.000000	0.000000
-19.984107	0.000000	0.000000
-19.944107	0.000000	0.000000
-19.904007	0.000000	0.000000
-19.864007	0.000000	0.000000
-19.823907	0.000000	0.000000
-19.783907	0.000000	0.000000
-19.743907	0.000000	0.000000
-19.703807	0.000000	0.000000
-19.663807	0.000000	0.000000
-19.623707	0.000000	0.000000
-19.583707	0.000000	0.000000
-19.543707	0.000000	0.000000
-19.503607	0.000000	0.000000
-19.463607	0.000000	0.000000
-19.423507	0.000000	0.000000
-19.383507	0.000000	0.000000
-19.343507	0.000000	0.000000
-19.303407	0.000000	0.000000
-19.263407	0.000000	0.000000
-19.223307	0.000000	0.000000
-19.183307	0.000000	0.000000
-19.143307	0.000000	0.000000
-19.103207	0.000000	0.000000
-19.063207	0.000000	0.000000
-19.023107	0.000000	0.000000
-18.983107	0.000000	0.000000
-18.943107	0.000000	0.000000
-18.903007	0.000000	0.000000
-18.863007	0.000000	0.000000
-18.822907	0.000000	0.000000
-18.782907	0.000000	0.000000
-18.742907	0.000000	0.000000
-18.702807	0.000000	0.000000
-18.662807	0.000000	0.000000
-18.622707	0.000000	0.000000
-18.582707	0.000000	0.000000
-18.542707	0.000000	0.000000
-18.502607	0.000000	0.000000
-18.462607	0.000000	0.000000
-18.422507	0.000000	0.000000
-18.382507	0.000000	0.000000
-18.342507	0.000000	0.000000
-18.302407	0.000000	0.000000
-18.262407	0.000000	0.000000
-18.222307	0.000000	0.000000
-18.182307	0.000000	0.000000
-18.142307	0.000000	0.000000
-18.102207	0.000000	0.000000
-18.062207	0.000000	0.000000
-18.022107	0.000000	0.000000
-17.982107	0.000000	0.000000
-17.942107	0.000000	0.000000
-17.902007	0.000000	0.000000
-17.862007	0.000000	0.000000
-17.821907	0.000000	0.000000
-17.781907	0.000000	0.000000
-17.741907	0.000000	0.000000
-17.701807	0.000000	0.000000
-17.661807	0.000000	0.000000
-17.621707	0.000000	0.000000
-17.581707	0.000000	0.000000
-17.541707	0.000000	0.000000
-17.501607	0.000000	0.000000
-17.461607	0.000000	0.000000
-17.421507	0.000000	0.000000
-17.381507	0.000000	0.000000
-17.341507	0.000000	0.000000
-17.301407	0.000000	0.000000
-17.261407	0.000000	0.000000
-17.221307	0.000000	0.000000
-17.181307	0.000000	0.000000
-17.141307	0.000000	0.000000
-17.101207	0.000000	0.000000
-17.061207	0.000000	0.000000
-17.021107	0.000000	0.000000
-16.981107	0.000000	0.000000
-16.941107	0.000000	0.000000
-16.901007	0.000000	0.000000
-16.861007	0.000000	0.000000
-16.820907	0.000000	0.000000
-16.780907	0.000000	0.000000
-16.740907	0.000000	0.000000
-16.700807	0.000000	0.000000
-16.660807	0.000000	0.000000
-16.620707	0.000000	0.000000
-16.580707	0.000000	0.000000
-16.540707	0.000000	0.000000
-16.500607	0.000000	0.000000
-16.460607	0.000000	0.000000
-16.420507	0.000000	0.000000
-16.380507	0.000000	0.000000
-16.340507	0.000000	0.000000
-16.300407	0.000000	0.000000
-16.260407	0.000000	0.000000
-16.220307	0.000000	0.000000
-16.180307	0.000000	0.000000
-16.140307	0.000000	0.000000
-16.100207	0.000000	0.000000
-16.060207	0.000000	0.000000
-16.020107	0.000000	0.000000
-15.980107	0.000000	0.000000
-15.940107	0.000000	0.000000
-15.900007	0.000000	0.000000
-15.860007	0.000000	0.000000
-15.819907	0.000000	0.000000
-15.779907	0.000000	0.000000
-15.739907	0.000000	0.000000
-15.699807	0.000000	0.000000
-15.659807	0.000000	0.000000
-15.619707	0.000000	0.000000
-15.579707	0.000000	0.000000
-15.539707	0.000000	0.000000
-15.499607	0.000000	0.000000
-15.459607	0.000000	0.000000
-15.419507	0.000000	0.000000
-15.379507	0.000000	0.000000
-15.339507	0.000000	0.000000
-15.299407	0.000000	0.000000
-15.259407	0.000000	0.000000
-15.219307	0.000000	0.000000
-15.179307	0.000000	0.000000
-15.139307	0.000000	0.000000
-15.099207	0.000000	0.000000
-15.059207	0.000000	0.000000
-15.019107	0.000000	0.000000
-14.979107	0.000000	0.000000
-14.939107	0.000000	0.000000
-14.899007	0.000000	0.000000
-14.859007	0.000000	0.000000
-14.818907	0.000000	0.000000
-14.778907	0.000000	0.000000
-14.738907	0.000000	0.000000
-14.698807	0.000000	0.000000
-14.658807	0.000000	0.000000
-14.618707	0.000000	0.000000
-14.578707	0.000000	0.000000
-14.538707	0.000000	0.000000
-14.498607	0.000000	0.000000
-14.458607	0.000000	0.000000
-14.418507	0.000000	0.000000
-14.378507	0.000000	0.000000
-14.338507	0.000000	0.000000
-14.298407	0.000000	0.000000
-14.258407	0.000000	0.000000
-14.218307	0.000000	0.000000
-14.178307	0.000000	0.000000
-14.138307	0.000000	0.000000
-14.098207	0.000000	0.000000
-14.058207	0.000000	0.000000
-14.018107	0.000000	0.000000
-13.978107	0.000000	0.000000
-13.938107	0.000000	0.000000
-13.898007	0.000000	0.000000
-13.858007	0.000000	0.000000
-13.817907	0.000000	0.000000
-13.777907	0.000000	0.000000
-13.737907	0.000000	0.000000
-13.697807	0.000000	0.000000
-13.657807	0.000000	0.000000
-13.617707	0.000000	0.000000
-13.577707	0.000000	0.000000
-13.537707	0.000000	0.000000
-13.497607	0.000000	0.000000
-13.457607	0.000000	0.000000
-13.417507	0.000000	0.000000
-13.377507	0.000000	0.000000
-13.337507	0.000000	0.000000
-13.297407	0.000000	0.000000
-13.257407	0.000000	0.000000
-13.217307	0.000000	0.000000
-13.177307	0.000000	0.000000
-13.137307	0.000000	0.000000
-13.097207	0.000000	0.000000
-13.057207	0.000000	0.000000
-13.017107	0.000000	0.000000
-12.977107	0.000000	0.000000
-12.937107	0.000000	0.000000
-12.897007	0.000000	0.000000
-12.857007	0.000000	0.000000
-12.816907	0.000006	0.000000
-12.776907	0.000013	0.000000
-12.736907	0.000027	0.000001
-12.696807	0.000055	0.000001
-12.656807	0.000107	0.000003
-12.616707	0.000200	0.000005
-12.576707	0.000357	0.000010
-12.536707	0.000613	0.000016
-12.496607	0.001012	0.000027
-12.456607	0.001604	0.000043
-12.416507	0.002444	0.000066
-12.376507	0.003576	0.000096
-12.336507	0.005028	0.000135
-12.296407	0.006791	0.000182
-12.256407	0.008812	0.000237
-12.216307	0.010985	0.000295
-12.176307	0.013156	0.000354
-12.136307	0.015138	0.000407
-12.096207	0.016733	0.000450
-12.056207	0.017770	0.000478
-12.016107	0.018129	0.000487
-11.976107	0.017770	0.000478
-11.936107	0.016733	0.000450
-11.896007	0.015138	0.000407
-11.856007	0.013156	0.000354
-11.815907	0.010985	0.000295
-11.775907	0.008812	0.000237
-11.735907	0.006791	0.000182
-11.695807	0.005028	0.000135
-11.655807	0.003576	0.000096
-11.615707	0.002444	0.000066
-11.575707	0.001604	0.000043
-11.535607	0.001012	0.000027
-11.495607	0.000613	0.000016
-11.455607	0.000357	0.000010
-11.415507	0.000200	0.000005
-11.375507	0.000107	0.000003
-11.335407	0.000055	0.000001
-11.295407	0.000027	0.000001
-11.255407	0.000013	0.000000
-11.215307	0.000006	0.000000
-11.175307	0.000000	0.000000
-11.135207	0.000000	0.000000
-11.095207	0.000000	0.000000
-11.055207	0.000000	0.000000
-11.015107	0.000000	0.000000
-10.975107	0.000000	0.000000
-10.935007	0.000000	0.000000
-10.895007	0.000000	0.000000
-10.855007	0.000000	0.000000
-10.814907	0.000000	0.000000
-10.774907	0.000000	0.000000
-10.734807	0.000000	0.000000
-10.694807	0.000000	0.000000
-10.654807	0.000000	0.000000
-10.614707	0.000000	0.000000
-10.574707	0.000000	0.000000
-10.534607	0.000002	0.000029
-10.494607	0.000006	0.000106
-10.454607	0.000025	0.000404
-10.414507	0.000063	0.001015
-10.374507	0.000129	0.002085
-10.334407	0.000255	0.004120
-10.294407	0.000486	0.007838
-10.254407	0.000892	0.014349
-10.214307	0.001574	0.025279
-10.174307	0.002673	0.042858
-10.134207	0.004369	0.069921
-10.094207	0.006869	0.109770
-10.054207	0.010393	0.165825
-10.014107	0.015129	0.241040
-9.974107	0.021191	0.337121
-9.934007	0.028557	0.453656
-9.894007	0.037023	0.587351
-9.854007	0.046179	0.731617
-9.813907	0.055411	0.876743
-9.773907	0.063962	1.010771
-9.733807	0.071029	1.121059
-9.693807	0.075882	1.196536
-9.653807	0.077990	1.228689
-9.613707	0.077124	1.214421
-9.573707	0.073400	1.156048
-9.533607	0.067256	1.061233
-9.493607	0.059380	0.941853
-9.453607	0.050587	0.812262
-9.413507	0.041696	0.687360
-9.373507	0.033414	0.580861
-9.333407	0.026262	0.503993
-9.293407	0.020548	0.464699
-9.253407	0.016373	0.467222
-9.213307	0.013668	0.511920
-9.173307	0.012241	0.595189
-9.133207	0.011829	0.709511
-9.093207	0.012132	0.843744
-9.053207	0.012849	0.983848
-9.013107	0.013701	1.114191
-8.973107	0.014447	1.219374
-8.933007	0.014904	1.286344
-8.893007	0.014955	1.306361
-8.853007	0.014556	1.276404
-8.812907	0.013728	1.199463
-8.772907	0.012559	1.084048
-8.732807	0.011169	0.942342
-8.692807	0.009684	0.787917
-8.652807	0.008230	0.633846
-8.612707	0.006909	0.490803
-8.572707	0.005790	0.366055
-8.532607	0.004907	0.263256
-8.492607	0.004267	0.182885
-8.452607	0.003854	0.123094
-8.412507	0.003644	0.080675
-8.372507	0.003609	0.051932
-8.332407	0.003725	0.033308
-8.292407	0.003975	0.021772
-8.252407	0.004344	0.014956
-8.212307	0.004823	0.011145
-8.172307	0.005405	0.009170
-8.132207	0.006079	0.008277
-8.092207	0.006829	0.007984
-8.052207	0.007636	0.007873
-8.012107	0.008479	0.008183
-7.972107	0.009329	0.008491
-7.932007	0.010162	0.008760
-7.892007	0.010956	0.008966
-7.852007	0.011701	0.009091
-7.811907	0.012390	0.009127
-7.771907	0.013035	0.009078
-7.731807	0.013655	0.008953
-7.691807	0.014278	0.008769
-7.651807	0.014937	0.008542
-7.611707	0.015666	0.008291
-7.571707	0.016493	0.008030
-7.531607	0.017442	0.007770
-7.491607	0.018528	0.007519
-7.451607	0.019759	0.007279
-7.411507	0.021135	0.007050
-7.371507	0.022663	0.006828
-7.331407	0.024355	0.006612
-7.291407	0.026254	0.006397
-7.251407	0.028412	0.006184
-7.211307	0.030938	0.005973
-7.171307	0.033978	0.005768
-7.131207	0.037735	0.005577
-7.091207	0.042463	0.005405
-7.051207	0.048448	0.005261
-7.011107	0.056011	0.005151
-6.971107	0.065490	0.005077
-6.931007	0.077218	0.005040
-6.891007	0.091507	0.005037
-6.851007	0.108629	0.005062
-6.810907	0.128809	0.005109
-6.770907	0.152202	0.005173
-6.730807	0.178879	0.005251
-6.690807	0.208790	0.005342
-6.650807	0.241735	0.005448
-6.610707	0.277345	0.005567
-6.570707	0.315027	0.005699
-6.530607	0.353979	0.005839
-6.490607	0.393205	0.005978
-6.450607	0.431558	0.006104
-6.410507	0.467857	0.006204
-6.370507	0.500988	0.006266
-6.330407	0.530111	0.006285
-6.290407	0.554772	0.006258
-6.250407	0.575051	0.006191
-6.210307	0.591638	0.006094
-6.170307	0.605837	0.005982
-6.130207	0.619484	0.005869
-6.090207	0.634794	0.005770
-6.050207	0.654108	0.005695
-6.010107	0.679635	0.005653
-5.970107	0.713152	0.005647
-5.930007	0.755728	0.005680
-5.890007	0.807537	0.005751
-5.850007	0.867754	0.005857
-5.809907	0.934590	0.005998
-5.769907	1.005439	0.006167
-5.729807	1.077157	0.006361
-5.689807	1.146423	0.006573
-5.649807	1.210071	0.006794
-5.609707	1.265439	0.007016
-5.569707	1.310545	0.007229
-5.529607	1.344228	0.007426
-5.489607	1.366068	0.007602
-5.449607	1.376347	0.007753
-5.409507	1.375850	0.007880
-5.369507	1.365758	0.007990
-5.329407	1.347598	0.008091
-5.289407	1.323148	0.008199
-5.249407	1.294567	0.008334
-5.209307	1.264128	0.008520
-5.169307	1.234368	0.008784
-5.129207	1.207882	0.009150
-5.089207	1.187077	0.009641
-5.049207	1.173972	0.010271
-5.009107	1.169998	0.011042
-4.969107	1.175806	0.011946
-4.929007	1.191232	0.012960
-4.889007	1.215353	0.014052
-4.849007	1.246684	0.015190
-4.808907	1.283344	0.016334
-4.768907	1.323363	0.017455
-4.728807	1.364875	0.018534
-4.688807	1.406194	0.019566
-4.648807	1.445894	0.020559
-4.608707	1.482811	0.021542
-4.568707	1.516001	0.022557
-4.528607	1.544687	0.023667
-4.488607	1.568302	0.024946
-4.448607	1.586510	0.026474
-4.408507	1.599268	0.028330
-4.368507	1.606821	0.030580
-4.328407	1.609633	0.033253
-4.288407	1.608418	0.036341
-4.248407	1.603944	0.039780
-4.208307	1.597060	0.043460
-4.168307	1.588635	0.047237
-4.128207	1.579695	0.050957
-4.088207	1.571469	0.054480
-4.048207	1.565504	0.057714
-4.008107	1.563642	0.060626
-3.968107	1.567951	0.063251
-3.928007	1.580536	0.065684
-3.888007	1.603285	0.068061
-3.848007	1.637598	0.070533
-3.807907	1.684167	0.073244
-3.767907	1.742933	0.076305
-3.727807	1.812913	0.079783
-3.687807	1.892489	0.083694
-3.647807	1.979447	0.087997
-3.607707	2.071208	0.092599
-3.567707	2.165208	0.097352
-3.527607	2.258800	0.102065
-3.487607	2.349542	0.106507
-3.447607	2.435274	0.110432
-3.407507	2.514098	0.113597
-3.367507	2.584517	0.115790
-3.327407	2.645439	0.116864
-3.287407	2.696269	0.116750
-3.247407	2.736888	0.115475
-3.207307	2.767580	0.113147
-3.167307	2.788931	0.109951
-3.127207	2.801463	0.106108
-3.087207	2.805387	0.101850
-3.047207	2.800325	0.097391
-3.007107	2.785324	0.092919
-2.967107	2.758829	0.088582
-2.927007	2.719238	0.084497
-2.887007	2.665308	0.080763
-2.847007	2.596577	0.077464
-2.806907	2.513998	0.074681
-2.766907	2.420000	0.072487
-2.726807	2.318438	0.070940
-2.686807	2.214326	0.070075
-2.646807	2.113275	0.069888
-2.606707	2.021009	0.070327
-2.566707	1.942731	0.071286
-2.526607	1.882687	0.072606
-2.486607	1.843653	0.074081
-2.446607	1.826748	0.075479
-2.406507	1.831122	0.076561
-2.366507	1.854022	0.077113
-2.326407	1.890882	0.076975
-2.286407	1.935671	0.076063
-2.246407	1.981514	0.074389
-2.206307	2.021507	0.072065
-2.166307	2.049569	0.069288
-2.126207	2.061310	0.066321
-2.086207	2.054763	0.063457
-2.046207	2.030493	0.060978
-2.006107	1.991667	0.059117
-1.966107	1.943329	0.058026
-1.926007	1.891583	0.057755
-1.886007	1.842593	0.058249
-1.846007	1.801609	0.059349
-1.805907	1.772287	0.060818
-1.765907	1.756396	0.062374
-1.725807	1.753764	0.063725
-1.685807	1.762762	0.064609
-1.645807	1.780761	0.064825
-1.605707	1.804705	0.064254
-1.565707	1.831627	0.062874
-1.525607	1.858919	0.060745
-1.485607	1.884477	0.058002
-1.445607	1.906732	0.054834
-1.405507	1.924517	0.051447
-1.365507	1.936888	0.048039
-1.325407	1.943148	0.044787
-1.285407	1.942752	0.041820
-1.245407	1.935493	0.039222
-1.205307	1.921688	0.037034
-1.165307	1.902025	0.035254
-1.125207	1.877890	0.033854
-1.085207	1.851186	0.032793
-1.045207	1.824141	0.032020
-1.005107	1.799010	0.031486
-0.965107	1.777847	0.031146
-0.925007	1.762179	0.030956
-0.885007	1.752864	0.030875
-0.845007	1.750115	0.030864
-0.804907	1.753569	0.030885
-0.764907	1.762551	0.030903
-0.724807	1.776280	0.030888
-0.684807	1.794030	0.030817
-0.644807	1.815358	0.030680
-0.604707	1.840069	0.030476
-0.564707	1.868052	0.030212
-0.524607	1.899370	0.029907
-0.484607	1.934012	0.029584
-0.444607	1.971826	0.029274
-0.404507	2.012377	0.029009
-0.364507	2.054970	0.028825
-0.324407	2.098538	0.028764
-0.284407	2.141644	0.028872
-0.244407	2.182454	0.029195
-0.204307	2.218828	0.029785
-0.164307	2.248414	0.030686
-0.124207	2.268797	0.031933
-0.084207	2.277719	0.033541
-0.044207	2.273214	0.035496
-0.004107	2.253749	0.037750
0.035893	2.218284	0.040218
0.075993	2.166231	0.042782
0.115993	2.097449	0.045305
0.155993	2.012221	0.047648
0.196093	1.911232	0.049689
0.236093	1.795711	0.051345
0.276193	1.667526	0.052594
0.316193	1.529324	0.053475
0.356193	1.384529	0.054120
0.396293	1.237241	0.054704
0.436293	1.091980	0.055473
0.476393	0.953364	0.056710
0.516393	0.825573	0.058710
0.556393	0.712001	0.061771
0.596493	0.614924	0.066160
0.636493	0.535369	0.072117
0.676593	0.473071	0.079838
0.716593	0.426746	0.089481
0.756593	0.394326	0.101154
0.796693	0.373294	0.114906
0.836693	0.361008	0.130702
0.876793	0.354966	0.148404
0.916793	0.352946	0.167741
0.956793	0.353154	0.188295
0.996893	0.354170	0.209520
1.036893	0.354985	0.230770
1.076993	0.355007	0.251383
1.116993	0.353832	0.270861
1.156993	0.351327	0.288603
1.197093	0.347543	0.304514
1.237093	0.342645	0.318657
1.277193	0.336795	0.331483
1.317193	0.330193	0.343786
1.357193	0.323038	0.356769
1.397293	0.315547	0.372034
1.437293	0.307971	0.391606
1.477393	0.300645	0.417870
1.517393	0.293961	0.453378
1.557393	0.288359	0.500624
1.597493	0.284254	0.561619
1.637493	0.281926	0.637382
1.677593	0.281437	0.727414
1.717593	0.282554	0.829273
1.757593	0.284763	0.938415
1.797693	0.287327	1.048380
1.837693	0.289423	1.151383
1.877793	0.290302	1.239254
1.917793	0.289457	1.304591
1.957793	0.286718	1.341853
1.997893	0.282269	1.348182
2.037893	0.276621	1.323822
2.077993	0.270408	1.271912
2.117993	0.264257	1.197888
2.157993	0.258621	1.108508
2.198093	0.253666	1.010798
2.238093	0.249262	0.911129
2.278193	0.245038	0.814556
2.318193	0.240526	0.724546
2.358193	0.235281	0.643015
2.398293	0.229043	0.570615
2.438293	0.221789	0.507116
2.478393	0.213758	0.451793
2.518393	0.205388	0.403735
2.558393	0.197228	0.362035
2.598493	0.189830	0.325894
2.638493	0.183652	0.294638
2.678593	0.178997	0.267705
2.718593	0.175970	0.244610
2.758593	0.174484	0.224871
2.798693	0.174309	0.208231
2.838693	0.175071	0.194153
2.878793	0.176370	0.182323
2.918793	0.177792	0.172370
2.958793	0.178984	0.163994
2.998893	0.179678	0.156929
3.038893	0.179709	0.150983
3.078993	0.179010	0.146022
3.118993	0.177602	0.141978
3.158993	0.175569	0.138845
3.199093	0.173012	0.136594
3.239093	0.170040	0.135170
3.279193	0.166744	0.134470
3.319193	0.163192	0.134316
3.359193	0.159436	0.134472
3.399293	0.155513	0.134647
3.439293	0.151467	0.134539
3.479393	0.147364	0.133883
3.519393	0.143298	0.132477
3.559393	0.139392	0.130221
3.599493	0.135788	0.127137
3.639493	0.132644	0.123372
3.679593	0.130101	0.119167
3.719593	0.128263	0.114823
3.759593	0.127180	0.110647
3.799693	0.126830	0.106907
3.839693	0.127125	0.103785
3.879793	0.127918	0.101360
3.919793	0.129032	0.099600
3.959793	0.130280	0.098374
3.999893	0.131491	0.097484
4.039893	0.132534	0.096700
4.079993	0.133319	0.095790
4.119993	0.133794	0.094552
4.159993	0.133935	0.092828
4.200093	0.133729	0.090517
4.240093	0.133154	0.087570
4.280193	0.132184	0.083992
4.320193	0.130784	0.079833
4.360193	0.128933	0.075190
4.400293	0.126629	0.070192
4.440293	0.123903	0.064991
4.480393	0.120827	0.059756
4.520393	0.117503	0.054654
4.560393	0.114059	0.049836
4.600493	0.110628	0.045426
4.640493	0.107322	0.041510
4.680593	0.104236	0.038137
4.720593	0.101432	0.035315
4.760593	0.098945	0.033018
4.800693	0.096788	0.031192
4.840693	0.094963	0.029767
4.880793	0.093473	0.028662
4.920793	0.092335	0.027796
4.960793	0.091587	0.027098
5.000893	0.091294	0.026508
5.040893	0.091545	0.025987
5.080993	0.092456	0.025521
5.120993	0.094158	0.025115
5.160993	0.096773	0.024796
5.201093	0.100388	0.024598
5.241093	0.105025	0.024558
5.281193	0.110603	0.024702
5.321193	0.116930	0.025034
5.361193	0.123695	0.025538
5.401293	0.130499	0.026179
5.441293	0.136893	0.026902
5.481393	0.142437	0.027649
5.521393	0.146761	0.028362
5.561393	0.149612	0.028998
5.601493	0.150880	0.029523
5.641493	0.150606	0.029920
5.681593	0.148962	0.030183
5.721593	0.146224	0.030312
5.761593	0.142715	0.030315
5.801693	0.138771	0.030200
5.841693	0.134710	0.029983
5.881793	0.130796	0.029682
5.921793	0.127229	0.029325
5.961793	0.124142	0.028942
6.001893	0.121599	0.028565
6.041893	0.119609	0.028228
6.081993	0.118129	0.027957
6.121993	0.117079	0.027766
6.161993	0.116350	0.027657
6.202093	0.115808	0.027612
6.242093	0.115314	0.027599
6.282193	0.114744	0.027575
6.322193	0.113990	0.027492
6.362193	0.112995	0.027309
6.402293	0.111753	0.026995
6.442293	0.110317	0.026545
6.482393	0.108785	0.025971
6.522393	0.107283	0.025312
6.562393	0.105927	0.024618
6.602493	0.104813	0.023948
6.642493	0.103987	0.023355
6.682593	0.103454	0.022889
6.722593	0.103167	0.022581
6.762593	0.103051	0.022441
6.802693	0.103016	0.022465
6.842693	0.102976	0.022629
6.882793	0.102859	0.022893
6.922793	0.102608	0.023211
6.962793	0.102192	0.023532
7.002893	0.101602	0.023810
7.042893	0.100851	0.024011
7.082993	0.099971	0.024117
7.122993	0.099020	0.024133
7.162993	0.098069	0.024081
7.203093	0.097211	0.024001
7.243093	0.096545	0.023943
7.283193	0.096167	0.023961
7.323193	0.096155	0.024100
7.363193	0.096556	0.024393
7.403293	0.097365	0.024854
7.443293	0.098523	0.025474
7.483393	0.099908	0.026223
7.523393	0.101353	0.027053
7.563393	0.102659	0.027907
7.603493	0.103629	0.028727
7.643493	0.104094	0.029459
7.683593	0.103942	0.030068
7.723593	0.103140	0.030535
7.763593	0.101735	0.030863
7.803693	0.099846	0.031073
7.843693	0.097652	0.031198
7.883793	0.095350	0.031272
7.923793	0.093134	0.031328
7.963793	0.091170	0.031388
8.003893	0.089573	0.031459
8.043893	0.088406	0.031541
8.083993	0.087681	0.031623
8.123993	0.087366	0.031694
8.163993	0.087403	0.031749
8.204093	0.087724	0.031792
8.244093	0.088249	0.031835
8.284193	0.088893	0.031895
8.324193	0.089575	0.031991
8.364193	0.090210	0.032131
8.404293	0.090721	0.032313
8.444293	0.091041	0.032520
8.484393	0.091125	0.032723
8.524393	0.090964	0.032889
8.564493	0.090596	0.032989
8.604493	0.090102	0.033004
8.644493	0.089597	0.032927
8.684593	0.089226	0.032769
8.724593	0.089126	0.032550
8.764693	0.089407	0.032292
8.804693	0.090126	0.032015
8.844693	0.091274	0.031729
8.884793	0.092771	0.031434
8.924793	0.094477	0.031122
8.964893	0.096218	0.030784
9.004893	0.097817	0.030418
9.044893	0.099127	0.030038
9.084993	0.100060	0.029678
9.124993	0.100599	0.029391
9.165093	0.100795	0.029242
9.205093	0.100754	0.029297
9.245093	0.100612	0.029615
9.285193	0.100504	0.030228
9.325193	0.100538	0.031135
9.365293	0.100780	0.032303
9.405293	0.101248	0.033662
9.445293	0.101909	0.035119
9.485393	0.102689	0.036569
9.525393	0.103490	0.037905
9.565493	0.104197	0.039035
9.605493	0.104699	0.039890
9.645493	0.104899	0.040425
9.685593	0.104736	0.040628
9.725593	0.104202	0.040515
9.765693	0.103352	0.040129
9.805693	0.102307	0.039532
9.845693	0.101250	0.038804
9.885793	0.100402	0.038030
9.925793	0.100002	0.037302
9.965893	0.100261	0.036705
10.005893	0.101331	0.036312
10.045893	0.103271	0.036181
10.085993	0.106028	0.036347
10.125993	0.109433	0.036821
10.166093	0.113220	0.037591
10.206093	0.117057	0.038626
10.246093	0.120586	0.039882
10.286193	0.123473	0.041310
10.326193	0.125453	0.042862
10.366293	0.126357	0.044494
10.406293	0.126132	0.046167
10.446293	0.124841	0.047848
10.486393	0.122643	0.049497
10.526393	0.119768	0.051068
10.566493	0.116490	0.052503
10.606493	0.113097	0.053737
10.646493	0.109867	0.054701
10.686593	0.107048	0.055335
10.726593	0.104855	0.055599
10.766693	0.103456	0.055479
10.806693	0.102963	0.054993
10.846693	0.103423	0.054188
10.886793	0.104815	0.053131
10.926793	0.107035	0.051894
10.966893	0.109906	0.050548
11.006893	0.113194	0.049147
11.046893	0.116625	0.047729
11.086993	0.119938	0.046317
11.126993	0.122913	0.044926
11.167093	0.125416	0.043577
11.207093	0.127424	0.042298
11.247093	0.129033	0.041139
11.287193	0.130437	0.040162
11.327193	0.131892	0.039436
11.367293	0.133652	0.039028
11.407293	0.135928	0.038989
11.447293	0.138829	0.039341
11.487393	0.142341	0.040076
11.527393	0.146322	0.041157
11.567493	0.150523	0.042517
11.607493	0.154630	0.044075
11.647493	0.158318	0.045746
11.687593	0.161295	0.047446
11.727593	0.163360	0.049105
11.767693	0.164414	0.050665
11.807693	0.164482	0.052090
11.847693	0.163705	0.053356
11.887793	0.162313	0.054460
11.927793	0.160589	0.055410
11.967893	0.158833	0.056227
12.007893	0.157311	0.056935
12.047893	0.156229	0.057566
12.087993	0.155709	0.058154
12.127993	0.155779	0.058730
12.168093	0.156387	0.059324
12.208093	0.157410	0.059961
12.248093	0.158690	0.060669
12.288193	0.160051	0.061476
12.328193	0.161338	0.062412
12.368293	0.162426	0.063513
12.408293	0.163235	0.064815
12.448293	0.163733	0.066343
12.488393	0.163931	0.068105
12.528393	0.163866	0.070073
12.568493	0.163593	0.072177
12.608493	0.163168	0.074303
12.648493	0.162638	0.076300
12.688593	0.162046	0.078001
12.728593	0.161433	0.079251
12.768693	0.160845	0.079937
12.808693	0.160340	0.080011
12.848693	0.159980	0.079501
12.888793	0.159829	0.078502
12.928793	0.159928	0.077162
12.968893	0.160277	0.075648
13.008893	0.160833	0.074120
13.048893	0.161500	0.072704
13.088993	0.162152	0.071484
13.128993	0.162652	0.070499
13.169093	0.162885	0.069753
13.209093	0.162782	0.069232
13.249093	0.162333	0.068917
13.289193	0.161596	0.068799
13.329193	0.160696	0.068881
13.369293	0.159801	0.069185
13.409293	0.159119	0.069744
13.449293	0.158868	0.070590
13.489393	0.159259	0.071750
13.529393	0.160466	0.073231
13.569493	0.162604	0.075009
13.609493	0.165701	0.077024
13.649493	0.169685	0.079189
13.689593	0.174374	0.081383
13.729593	0.179498	0.083478
13.769693	0.184729	0.085354
13.809693	0.189731	0.086926
13.849693	0.194213	0.088159
13.889793	0.197978	0.089084
13.929793	0.200946	0.089791
13.969893	0.203160	0.090423
14.009893	0.204766	0.091152
14.049893	0.205965	0.092144
14.089993	0.206973	0.093530
14.129993	0.207963	0.095378
14.170093	0.209049	0.097683
14.210093	0.210262	0.100361
14.250093	0.211567	0.103271
14.290193	0.212881	0.106232
14.330193	0.214103	0.109058
14.370293	0.215139	0.111586
14.410293	0.215926	0.113695
14.450293	0.216436	0.115316
14.490393	0.216671	0.116425
14.530393	0.216649	0.117037
14.570493	0.216396	0.117185
14.610493	0.215929	0.116919
14.650493	0.215246	0.116289
14.690593	0.214322	0.115346
14.730593	0.213119	0.114155
14.770693	0.211587	0.112780
14.810693	0.209678	0.111300
14.850693	0.207368	0.109799
14.890793	0.204660	0.108357
14.930793	0.201606	0.107049
14.970893	0.198310	0.105943
15.010893	0.194936	0.105094
15.050893	0.191666	0.104545
15.090993	0.188701	0.104331
15.130993	0.186212	0.104471
15.171093	0.184310	0.104966
15.211093	0.183009	0.105779
15.251093	0.182227	0.106836
15.291193	0.181790	0.108014
15.331193	0.181463	0.109157
15.371293	0.180998	0.110083
15.411293	0.180185	0.110623
15.451293	0.178892	0.110642
15.491393	0.177099	0.110081
15.531393	0.174893	0.108959
15.571493	0.172470	0.107398
15.611493	0.170086	0.105595
15.651493	0.168024	0.103801
15.691593	0.166555	0.102290
15.731593	0.165889	0.101313
15.771693	0.166154	0.101067
15.811693	0.167367	0.101658
15.851693	0.169450	0.103094
15.891793	0.172231	0.105283
15.931793	0.175475	0.108045
15.971893	0.178925	0.111141
16.011893	0.182341	0.114310
16.051893	0.185527	0.117298
16.091993	0.188362	0.119894
16.131993	0.190804	0.121951
16.172093	0.192870	0.123394
16.212093	0.194614	0.124218
16.252093	0.196100	0.124480
16.292193	0.197361	0.124275
16.332193	0.198400	0.123723
16.372293	0.199164	0.122939
16.412293	0.199572	0.122027
16.452293	0.199523	0.121062
16.492393	0.198916	0.120078
16.532393	0.197678	0.119072
16.572493	0.195768	0.118007
16.612493	0.193198	0.116829
16.652493	0.190029	0.115485
16.692593	0.186391	0.113964
16.732593	0.182452	0.112279
16.772693	0.178422	0.110524
16.812693	0.174535	0.108856
16.852693	0.171017	0.107479
16.892793	0.168052	0.106621
16.932793	0.165759	0.106492
16.972893	0.164173	0.107254
17.012893	0.163236	0.108984
17.052893	0.162806	0.111658
17.092993	0.162683	0.115142
17.132993	0.162637	0.119207
17.173093	0.162444	0.123548
17.213093	0.161918	0.127814
17.253093	0.160934	0.131647
17.293193	0.159440	0.134713
17.333193	0.157453	0.136733
17.373293	0.155061	0.137518
17.413293	0.152399	0.136984
17.453293	0.149624	0.135164
17.493393	0.146895	0.132205
17.533393	0.144356	0.128354
17.573493	0.142118	0.123924
17.613493	0.140248	0.119250
17.653493	0.138773	0.114644
17.693593	0.137686	0.110355
17.733593	0.136946	0.106535
17.773693	0.136492	0.103235
17.813693	0.136262	0.100416
17.853693	0.136188	0.097978
17.893793	0.136206	0.095792
17.933793	0.136272	0.093749
17.973893	0.136340	0.091776
18.013893	0.136380	0.089855
18.053893	0.136363	0.088017
18.093993	0.136266	0.086327
18.133993	0.136078	0.084865
18.174093	0.135794	0.083692
18.214093	0.135420	0.082838
18.254093	0.134985	0.082291
18.294193	0.134533	0.082000
18.334193	0.134117	0.081885
18.374293	0.133800	0.081874
18.414293	0.133628	0.081888
