Energy(eV)	C_p_DOS	Pt_d_DOS
-16.209509	0.000000	0.000000
-16.169509	0.000000	0.000000
-16.129409	0.000000	0.000000
-16.089409	0.000000	0.000000
-16.049309	0.000000	0.000000
-16.009309	0.000000	0.000000
-15.969309	0.000000	0.000000
-15.929209	0.000000	0.000000
-15.889209	0.000000	0.000000
-15.849109	0.000000	0.000000
-15.809109	0.000000	0.000000
-15.769109	0.000000	0.000000
-15.729009	0.000000	0.000000
-15.689009	0.000000	0.000000
-15.648909	0.000000	0.000000
-15.608909	0.000000	0.000000
-15.568909	0.000000	0.000000
-15.528809	0.000000	0.000000
-15.488809	0.000000	0.000000
-15.448709	0.000000	0.000000
-15.408709	0.000000	0.000000
-15.368709	0.000000	0.000000
-15.328609	0.000000	0.000162
-15.288609	0.000000	0.000355
-15.248509	0.000000	0.000745
-15.208509	0.000000	0.001502
-15.168509	0.000000	0.002909
-15.128409	0.000000	0.005415
-15.088409	0.000001	0.009682
-15.048309	0.000001	0.016632
-15.008309	0.000002	0.027449
-14.968309	0.000004	0.043522
-14.928209	0.000006	0.066294
-14.888209	0.000008	0.097015
-14.848109	0.000011	0.136393
-14.808109	0.000015	0.184222
-14.768109	0.000020	0.239048
-14.728009	0.000025	0.298003
-14.688009	0.000030	0.356903
-14.647909	0.000034	0.410652
-14.607909	0.000038	0.453931
-14.567909	0.000040	0.482059
-14.527809	0.000041	0.491817
-14.487809	0.000040	0.482059
-14.447709	0.000038	0.453931
-14.407709	0.000034	0.410652
-14.367709	0.000030	0.356903
-14.327609	0.000025	0.298003
-14.287609	0.000020	0.239048
-14.247509	0.000015	0.184222
-14.207509	0.000011	0.136393
-14.167509	0.000008	0.097015
-14.127409	0.000006	0.066294
-14.087409	0.000004	0.043522
-14.047309	0.000002	0.027449
-14.007309	0.000001	0.016632
-13.967309	0.000001	0.009682
-13.927209	0.000000	0.005415
-13.887209	0.000000	0.002909
-13.847109	0.000000	0.001502
-13.807109	0.000000	0.000745
-13.767109	0.000000	0.000355
-13.727009	0.000000	0.000162
-13.687009	0.000000	0.000000
-13.646909	0.000000	0.000000
-13.606909	0.000000	0.000000
-13.566909	0.000000	0.000000
-13.526809	0.000000	0.000000
-13.486809	0.000000	0.000000
-13.446709	0.000000	0.000000
-13.406709	0.000000	0.000000
-13.366709	0.000000	0.000000
-13.326609	0.000000	0.000000
-13.286609	0.000000	0.000000
-13.246509	0.000000	0.000000
-13.206509	0.000000	0.000000
-13.166509	0.000000	0.000000
-13.126409	0.000000	0.000000
-13.086409	0.000000	0.000000
-13.046309	0.000000	0.000000
-13.006309	0.000000	0.000000
-12.966309	0.000000	0.000000
-12.926209	0.000000	0.000000
-12.886209	0.000000	0.000000
-12.846109	0.000000	0.000000
-12.806109	0.000000	0.000000
-12.766109	0.000000	0.000000
-12.726009	0.000000	0.000000
-12.686009	0.000000	0.000000
-12.645909	0.000000	0.000000
-12.605909	0.000000	0.000000
-12.565909	0.000000	0.000000
-12.525809	0.000000	0.000000
-12.485809	0.000000	0.000000
-12.445709	0.000000	0.000000
-12.405709	0.000000	0.000000
-12.365709	0.000000	0.000000
-12.325609	0.000000	0.000000
-12.285609	0.000000	0.000000
-12.245509	0.000000	0.000000
-12.205509	0.000000	0.000000
-12.165509	0.000000	0.000000
-12.125409	0.000000	0.000000
-12.085409	0.000000	0.000000
-12.045309	0.000000	0.000000
-12.005309	0.000000	0.000000
-11.965309	0.000000	0.000000
-11.925209	0.000000	0.000000
-11.885209	0.000000	0.000000
-11.845109	0.000000	0.000000
-11.805109	0.000000	0.000000
-11.765109	0.000000	0.000000
-11.725009	0.000000	0.000000
-11.685009	0.000000	0.000000
-11.644909	0.000000	0.000000
-11.604909	0.000000	0.000000
-11.564909	0.000000	0.000000
-11.524809	0.000000	0.000000
-11.484809	0.000000	0.000000
-11.444709	0.000000	0.000000
-11.404709	0.000000	0.000000
-11.364709	0.000000	0.000000
-11.324609	0.000000	0.000000
-11.284609	0.000000	0.000000
-11.244509	0.000000	0.000000
-11.204509	0.000000	0.000000
-11.164509	0.000000	0.000000
-11.124409	0.000000	0.000000
-11.084409	0.000000	0.000000
-11.044309	0.000000	0.000000
-11.004309	0.000000	0.000000
-10.964309	0.000000	0.000000
-10.924209	0.000000	0.000000
-10.884209	0.000000	0.000000
-10.844109	0.000000	0.000000
-10.804109	0.000000	0.000000
-10.764109	0.000000	0.000000
-10.724009	0.000000	0.000000
-10.684009	0.000000	0.000001
-10.643909	0.000001	0.000002
-10.603909	0.000001	0.000006
-10.563909	0.000003	0.000012
-10.523809	0.000006	0.000023
-10.483809	0.000011	0.000045
-10.443709	0.000021	0.000083
-10.403709	0.000037	0.000148
-10.363709	0.000063	0.000252
-10.323609	0.000105	0.000416
-10.283609	0.000169	0.000663
-10.243509	0.000261	0.001018
-10.203509	0.000391	0.001512
-10.163509	0.000566	0.002171
-10.123409	0.000793	0.003018
-10.083409	0.001078	0.004068
-10.043309	0.001424	0.005320
-10.003309	0.001828	0.006762
-9.963309	0.002288	0.008366
-9.923209	0.002797	0.010089
-9.883209	0.003348	0.011881
-9.843109	0.003936	0.013684
-9.803109	0.004558	0.015441
-9.763109	0.005217	0.017096
-9.723009	0.005927	0.018599
-9.683009	0.006716	0.019906
-9.642909	0.007636	0.020980
-9.602909	0.008779	0.021792
-9.562909	0.010248	0.022321
-9.522809	0.012216	0.022556
-9.482809	0.014905	0.022493
-9.442709	0.018591	0.022141
-9.402709	0.023605	0.021519
-9.362709	0.030314	0.020658
-9.322609	0.039095	0.019600
-9.282609	0.050302	0.018398
-9.242509	0.064226	0.017109
-9.202509	0.081059	0.015795
-9.162509	0.100843	0.014514
-9.122409	0.123453	0.013316
-9.082409	0.148567	0.012239
-9.042309	0.175659	0.011309
-9.002309	0.204008	0.010535
-8.962309	0.232738	0.009913
-8.922209	0.260883	0.009427
-8.882209	0.287483	0.009054
-8.842109	0.311699	0.008770
-8.802109	0.332925	0.008550
-8.762109	0.350864	0.008372
-8.722009	0.365561	0.008223
-8.682009	0.377365	0.008096
-8.641909	0.386839	0.007993
-8.601909	0.394624	0.007921
-8.561909	0.401311	0.007894
-8.521809	0.407371	0.007929
-8.481809	0.413111	0.008041
-8.441709	0.418711	0.008242
-8.401709	0.424303	0.008540
-8.361709	0.430048	0.008935
-8.321609	0.436210	0.009417
-8.281609	0.443169	0.009971
-8.241509	0.451396	0.010575
-8.201509	0.461379	0.011202
-8.161509	0.473547	0.011828
-8.121409	0.488171	0.012428
-8.081409	0.505294	0.012985
-8.041309	0.524746	0.013484
-8.001309	0.546140	0.013921
-7.961309	0.568925	0.014294
-7.921209	0.592500	0.014605
-7.881209	0.616247	0.014860
-7.841109	0.639657	0.015062
-7.801109	0.662376	0.015215
-7.761109	0.684233	0.015322
-7.721009	0.705210	0.015381
-7.681009	0.725391	0.015391
-7.640909	0.744866	0.015350
-7.600909	0.763620	0.015255
-7.560909	0.781452	0.015108
-7.520809	0.797927	0.014909
-7.480809	0.812385	0.014662
-7.440709	0.824020	0.014375
-7.400709	0.832043	0.014056
-7.360709	0.835839	0.013717
-7.320609	0.835134	0.013370
-7.280609	0.830098	0.013032
-7.240509	0.821372	0.012717
-7.200509	0.809978	0.012445
-7.160509	0.797164	0.012233
-7.120409	0.784196	0.012104
-7.080409	0.772164	0.012079
-7.040309	0.761816	0.012186
-7.000309	0.753518	0.012454
-6.960309	0.747273	0.012922
-6.920209	0.742835	0.013632
-6.880209	0.739832	0.014634
-6.840109	0.737939	0.015980
-6.800109	0.736989	0.017718
-6.760109	0.737037	0.019887
-6.720009	0.738382	0.022508
-6.680009	0.741516	0.025575
-6.639909	0.747051	0.029057
-6.599909	0.755638	0.032890
-6.559909	0.767877	0.036990
-6.519809	0.784264	0.041257
-6.479809	0.805144	0.045593
-6.439709	0.830715	0.049909
-6.399709	0.861024	0.054144
-6.359709	0.896017	0.058264
-6.319609	0.935547	0.062269
-6.279609	0.979405	0.066189
-6.239509	1.027332	0.070074
-6.199509	1.079033	0.073990
-6.159409	1.134218	0.078006
-6.119409	1.192599	0.082193
-6.079409	1.253934	0.086616
-6.039309	1.318031	0.091334
-5.999309	1.384727	0.096404
-5.959209	1.453837	0.101881
-5.919209	1.525060	0.107822
-5.879209	1.597867	0.114291
-5.839109	1.671384	0.121359
-5.799109	1.744333	0.129104
-5.759009	1.815006	0.137629
-5.719009	1.881362	0.147055
-5.679009	1.941166	0.157568
-5.638909	1.992193	0.169272
-5.598909	2.032427	0.182427
-5.558809	2.060267	0.197363
-5.518809	2.074656	0.214523
-5.478809	2.075140	0.234498
-5.438709	2.061890	0.258051
-5.398709	2.035683	0.286105
-5.358609	1.997821	0.319671
-5.318609	1.950099	0.359706
-5.278609	1.894695	0.406878
-5.238509	1.834098	0.461270
-5.198509	1.770928	0.522046
-5.158409	1.707754	0.587180
-5.118409	1.646845	0.653324
-5.078409	1.589923	0.715914
-5.038309	1.537978	0.769563
-4.998309	1.491166	0.808729
-4.958209	1.448853	0.828550
-4.918209	1.409799	0.825694
-4.878209	1.372448	0.799020
-4.838109	1.335286	0.749885
-4.798109	1.297140	0.682002
-4.758009	1.257391	0.600875
-4.718009	1.216086	0.512939
-4.678009	1.173888	0.424602
-4.637909	1.131900	0.341392
-4.597909	1.091466	0.267378
-4.557809	1.053941	0.204925
-4.517809	1.020514	0.154779
-4.477809	0.992104	0.116383
-4.437709	0.969322	0.088318
-4.397709	0.952481	0.068741
-4.357609	0.941669	0.055746
-4.317609	0.936795	0.047610
-4.277609	0.937631	0.042919
-4.237509	0.943845	0.040598
-4.197509	0.955011	0.039880
-4.157409	0.970582	0.040233
-4.117409	0.989881	0.041296
-4.077409	1.012090	0.042816
-4.037309	1.036265	0.044589
-3.997309	1.061373	0.046529
-3.957209	1.086342	0.048443
-3.917209	1.110137	0.050203
-3.877209	1.131865	0.051721
-3.837109	1.150856	0.052937
-3.797109	1.166710	0.053825
-3.757009	1.179387	0.054402
-3.717009	1.189187	0.054723
-3.677009	1.196725	0.054872
-3.636909	1.202863	0.054951
-3.596909	1.208594	0.055066
-3.556809	1.214920	0.055311
-3.516809	1.222701	0.055758
-3.476809	1.232526	0.056448
-3.436709	1.244595	0.057384
-3.396709	1.258646	0.058530
-3.356609	1.273941	0.059812
-3.316609	1.289315	0.061125
-3.276609	1.303319	0.062346
-3.236509	1.314400	0.063341
-3.196509	1.321139	0.063990
-3.156409	1.322497	0.064197
-3.116409	1.318016	0.063907
-3.076409	1.307915	0.063114
-3.036309	1.293112	0.061863
-2.996309	1.275096	0.060239
-2.956209	1.255724	0.058361
-2.916209	1.236943	0.056357
-2.876209	1.220507	0.054353
-2.836109	1.207761	0.052452
-2.796109	1.199458	0.050731
-2.756009	1.195710	0.049228
-2.716009	1.196029	0.047953
-2.676009	1.199439	0.046886
-2.635909	1.204678	0.045989
-2.595909	1.210403	0.045214
-2.555809	1.215412	0.044512
-2.515809	1.218841	0.043838
-2.475809	1.220306	0.043160
-2.435709	1.219979	0.042458
-2.395709	1.218559	0.041727
-2.355609	1.217174	0.040975
-2.315609	1.217208	0.040220
-2.275609	1.220079	0.039485
-2.235509	1.227001	0.038795
-2.195509	1.238832	0.038172
-2.155409	1.255930	0.037631
-2.115409	1.278103	0.037178
-2.075409	1.304689	0.036810
-2.035309	1.334675	0.036518
-1.995309	1.366892	0.036287
-1.955209	1.400214	0.036100
-1.915209	1.433782	0.035941
-1.875209	1.467106	0.035797
-1.835109	1.500207	0.035661
-1.795109	1.533568	0.035531
-1.755009	1.568077	0.035413
-1.715009	1.604857	0.035319
-1.675009	1.645079	0.035265
-1.634909	1.689757	0.035268
-1.594909	1.739581	0.035347
-1.554809	1.794784	0.035519
-1.514809	1.855064	0.035794
-1.474809	1.919570	0.036177
-1.434709	1.986910	0.036668
-1.394709	2.055195	0.037255
-1.354609	2.122119	0.037921
-1.314609	2.185061	0.038638
-1.274609	2.241246	0.039375
-1.234509	2.287968	0.040099
-1.194509	2.322855	0.040774
-1.154409	2.344166	0.041374
-1.114409	2.351035	0.041880
-1.074409	2.343611	0.042285
-1.034309	2.323047	0.042596
-0.994309	2.291296	0.042827
-0.954209	2.250792	0.042998
-0.914209	2.204032	0.043129
-0.874209	2.153179	0.043230
-0.834109	2.099803	0.043305
-0.794109	2.044763	0.043345
-0.754009	1.988303	0.043333
-0.714009	1.930265	0.043252
-0.674009	1.870395	0.043088
-0.633909	1.808603	0.042839
-0.593909	1.745146	0.042517
-0.553809	1.680653	0.042150
-0.513809	1.616044	0.041772
-0.473809	1.552350	0.041425
-0.433709	1.490491	0.041143
-0.393709	1.431096	0.040948
-0.353609	1.374398	0.040845
-0.313609	1.320222	0.040820
-0.273609	1.268051	0.040844
-0.233509	1.217196	0.040873
-0.193509	1.166904	0.040864
-0.153409	1.116560	0.040776
-0.113409	1.065759	0.040580
-0.073409	1.014382	0.040264
-0.033309	0.962573	0.039832
0.006691	0.910676	0.039303
0.046791	0.859149	0.038708
0.086791	0.808474	0.038081
0.126791	0.759065	0.037450
0.166891	0.711236	0.036838
0.206891	0.665184	0.036255
0.246991	0.621005	0.035702
0.286991	0.578739	0.035170
0.326991	0.538415	0.034649
0.367091	0.500099	0.034129
0.407091	0.463899	0.033609
0.447191	0.429982	0.033096
0.487191	0.398535	0.032606
0.527191	0.369740	0.032163
0.567291	0.343734	0.031790
0.607291	0.320576	0.031511
0.647391	0.300220	0.031339
0.687391	0.282509	0.031278
0.727391	0.267183	0.031317
0.767491	0.253912	0.031437
0.807491	0.242310	0.031612
0.847591	0.231989	0.031814
0.887591	0.222587	0.032018
0.927591	0.213803	0.032209
0.967691	0.205410	0.032384
1.007691	0.197262	0.032554
1.047791	0.189292	0.032743
1.087791	0.181497	0.032985
1.127791	0.173921	0.033325
1.167891	0.166642	0.033815
1.207891	0.159751	0.034513
1.247991	0.153349	0.035483
1.287991	0.147535	0.036790
1.327991	0.142407	0.038499
1.368091	0.138054	0.040671
1.408091	0.134558	0.043355
1.448191	0.131988	0.046586
1.488191	0.130399	0.050377
1.528191	0.129824	0.054719
1.568291	0.130267	0.059573
1.608291	0.131699	0.064878
1.648391	0.134050	0.070548
1.688391	0.137203	0.076480
1.728391	0.140992	0.082557
1.768491	0.145212	0.088655
1.808491	0.149621	0.094652
1.848591	0.153965	0.100435
1.888591	0.158003	0.105909
1.928591	0.161533	0.111007
1.968691	0.164415	0.115693
2.008691	0.166584	0.119971
2.048791	0.168059	0.123883
2.088791	0.168927	0.127500
2.128791	0.169328	0.131084
2.168891	0.169416	0.134881
2.208891	0.169336	0.138921
2.248991	0.169198	0.143756
2.288991	0.169059	0.150032
2.328991	0.168915	0.158741
2.369091	0.168712	0.171371
2.409091	0.168362	0.190043
2.449191	0.167764	0.217600
2.489191	0.166827	0.257557
2.529191	0.165492	0.313841
2.569291	0.163746	0.390252
2.609291	0.161622	0.489638
2.649391	0.159197	0.612879
2.689391	0.156570	0.757853
2.729391	0.153846	0.918685
2.769491	0.151110	1.085578
2.809491	0.148411	1.245447
2.849591	0.145753	1.383434
2.889591	0.143103	1.485087
2.929591	0.140400	1.538798
2.969691	0.137579	1.537931
3.009691	0.134593	1.482109
3.049791	0.131428	1.377319
3.089791	0.128113	1.234800
3.129791	0.124716	1.069016
3.169891	0.121332	0.895207
3.209891	0.118071	0.727102
3.249991	0.115037	0.575256
3.289991	0.112314	0.446245
3.329991	0.109967	0.342717
3.370091	0.108029	0.264075
3.410091	0.106512	0.207507
3.450191	0.105411	0.169059
3.490191	0.104706	0.144522
3.530191	0.104374	0.130052
3.570291	0.104385	0.122496
3.610291	0.104711	0.119477
3.650391	0.105325	0.119340
3.690391	0.106206	0.121016
3.730391	0.107339	0.123872
3.770491	0.108718	0.127493
3.810491	0.110344	0.131793
3.850591	0.112219	0.136902
3.890591	0.114337	0.142580
3.930591	0.116675	0.148850
3.970691	0.119191	0.155692
4.010691	0.121811	0.163038
4.050791	0.124436	0.170764
4.090791	0.126951	0.178699
4.130791	0.129234	0.186640
4.170891	0.131178	0.194368
4.210891	0.132706	0.201674
4.250991	0.133785	0.208386
4.290991	0.134433	0.214388
4.330991	0.134721	0.219637
4.371091	0.134769	0.224177
4.411091	0.134729	0.228129
4.451191	0.134771	0.231685
4.491191	0.135059	0.235083
4.531191	0.135733	0.238574
4.571291	0.136892	0.242393
4.611291	0.138580	0.246728
4.651391	0.140789	0.251694
4.691391	0.143457	0.257325
4.731391	0.146489	0.263563
4.771491	0.149774	0.270275
4.811491	0.153206	0.277265
4.851591	0.156699	0.284300
4.891591	0.160200	0.291134
4.931591	0.163692	0.297533
4.971691	0.167181	0.303298
5.011691	0.170691	0.308283
5.051791	0.174237	0.312400
5.091791	0.177812	0.315619
5.131791	0.181375	0.317960
5.171891	0.184847	0.319478
5.211891	0.188107	0.320242
5.251991	0.191018	0.320329
5.291991	0.193426	0.319794
5.331991	0.195189	0.318674
5.372091	0.196195	0.316991
5.412091	0.196370	0.314749
5.452191	0.195683	0.311951
5.492191	0.194147	0.308604
5.532191	0.191810	0.304730
5.572291	0.188746	0.300377
5.612291	0.185050	0.295616
5.652391	0.180829	0.290554
5.692391	0.176204	0.285328
5.732391	0.171307	0.280105
5.772491	0.166278	0.275073
5.812491	0.161266	0.270436
5.852591	0.156418	0.266404
5.892591	0.151873	0.263182
5.932591	0.147746	0.260954
5.972691	0.144127	0.259886
6.012691	0.141070	0.260108
6.052791	0.138597	0.261726
6.092791	0.136703	0.264811
6.132791	0.135359	0.269410
6.172891	0.134524	0.275555
6.212891	0.134145	0.283275
6.252991	0.134161	0.292613
6.292991	0.134510	0.303643
6.332991	0.135131	0.316492
6.373091	0.135970	0.331334
6.413091	0.136981	0.348376
6.453191	0.138133	0.367811
6.493191	0.139406	0.389743
6.533191	0.140786	0.414093
6.573291	0.142254	0.440495
6.613291	0.143773	0.468198
6.653391	0.145276	0.496019
6.693391	0.146658	0.522352
6.733391	0.147767	0.545247
6.773491	0.148414	0.562586
6.813491	0.148383	0.572305
6.853591	0.147454	0.572667
6.893591	0.145424	0.562515
6.933591	0.142149	0.541476
6.973691	0.137559	0.510067
7.013691	0.131682	0.469670
7.053791	0.124650	0.422396
7.093791	0.116689	0.370836
7.133791	0.108103	0.317754
7.173891	0.099233	0.265781
7.213891	0.090428	0.217148
7.253991	0.082006	0.173508
7.293991	0.074232	0.135864
7.333991	0.067297	0.104585
7.374091	0.061322	0.079511
7.414091	0.056355	0.060096
7.454191	0.052390	0.045561
7.494191	0.049375	0.035035
7.534191	0.047226	0.027660
7.574291	0.045837	0.022668
7.614291	0.045083	0.019412
7.654391	0.044830	0.017372
7.694391	0.044934	0.016152
7.734391	0.045253	0.015459
7.774491	0.045652	0.015083
7.814491	0.046012	0.014876
7.854591	0.046239	0.014742
7.894591	0.046276	0.014619
7.934591	0.046097	0.014473
7.974691	0.045709	0.014288
8.014691	0.045148	0.014064
8.054791	0.044467	0.013811
8.094791	0.043725	0.013543
8.134791	0.042981	0.013274
8.174891	0.042283	0.013017
8.214891	0.041669	0.012783
8.254991	0.041160	0.012575
8.294991	0.040767	0.012399
8.334991	0.040491	0.012252
8.375091	0.040329	0.012135
8.415091	0.040274	0.012043
8.455191	0.040321	0.011974
8.495191	0.040466	0.011925
8.535191	0.040708	0.011894
8.575291	0.041050	0.011881
8.615291	0.041499	0.011884
8.655391	0.042061	0.011905
8.695391	0.042745	0.011944
8.735391	0.043556	0.012002
8.775491	0.044492	0.012081
8.815491	0.045548	0.012181
8.855591	0.046704	0.012302
8.895591	0.047930	0.012443
8.935591	0.049187	0.012600
8.975691	0.050423	0.012769
9.015691	0.051585	0.012943
9.055791	0.052617	0.013113
9.095791	0.053473	0.013272
9.135791	0.054118	0.013411
9.175891	0.054534	0.013524
9.215891	0.054723	0.013606
9.255991	0.054705	0.013655
9.295991	0.054519	0.013673
9.335991	0.054213	0.013664
9.376091	0.053845	0.013634
9.416091	0.053470	0.013593
9.456191	0.053137	0.013547
9.496191	0.052888	0.013502
9.536191	0.052747	0.013466
9.576291	0.052730	0.013439
9.616291	0.052832	0.013424
9.656391	0.053042	0.013420
9.696391	0.053332	0.013426
9.736391	0.053670	0.013438
9.776491	0.054015	0.013456
9.816491	0.054326	0.013475
9.856591	0.054560	0.013495
9.896591	0.054683	0.013512
9.936591	0.054667	0.013525
9.976691	0.054500	0.013534
10.016691	0.054183	0.013538
10.056791	0.053733	0.013538
10.096791	0.053181	0.013535
10.136791	0.052564	0.013532
10.176891	0.051924	0.013529
10.216891	0.051301	0.013529
10.256991	0.050727	0.013533
10.296991	0.050226	0.013541
10.336991	0.049808	0.013555
10.377091	0.049477	0.013573
10.417091	0.049227	0.013594
10.457191	0.049046	0.013618
10.497191	0.048919	0.013640
10.537191	0.048832	0.013659
10.577291	0.048771	0.013673
10.617291	0.048725	0.013678
10.657391	0.048686	0.013672
10.697391	0.048650	0.013653
10.737391	0.048616	0.013620
10.777491	0.048590	0.013573
10.817491	0.048577	0.013513
10.857591	0.048589	0.013442
10.897591	0.048638	0.013364
10.937591	0.048735	0.013283
10.977691	0.048894	0.013206
11.017691	0.049122	0.013138
11.057791	0.049424	0.013085
11.097791	0.049799	0.013051
11.137791	0.050241	0.013040
11.177891	0.050737	0.013052
11.217891	0.051271	0.013086
11.257991	0.051827	0.013141
11.297991	0.052390	0.013212
11.337991	0.052950	0.013299
11.378091	0.053505	0.013398
11.418091	0.054063	0.013512
11.458191	0.054640	0.013642
11.498191	0.055262	0.013795
11.538191	0.055959	0.013977
11.578291	0.056763	0.014197
11.618291	0.057711	0.014467
11.658391	0.058836	0.014795
11.698391	0.060171	0.015194
11.738391	0.061750	0.015673
11.778491	0.063606	0.016242
11.818491	0.065770	0.016909
11.858591	0.068270	0.017676
11.898591	0.071126	0.018544
11.938591	0.074345	0.019507
11.978691	0.077918	0.020554
12.018691	0.081810	0.021669
12.058791	0.085959	0.022829
12.098791	0.090275	0.024010
12.138791	0.094642	0.025184
12.178891	0.098923	0.026324
12.218891	0.102977	0.027405
12.258991	0.106665	0.028405
12.298991	0.109867	0.029305
12.338991	0.112493	0.030091
12.379091	0.114489	0.030750
12.419091	0.115840	0.031275
12.459191	0.116567	0.031660
12.499191	0.116723	0.031903
12.539191	0.116378	0.032004
12.579291	0.115618	0.031971
12.619291	0.114534	0.031814
12.659391	0.113218	0.031552
12.699391	0.111761	0.031210
12.739391	0.110247	0.030818
12.779491	0.108751	0.030408
12.819491	0.107337	0.030015
12.859591	0.106049	0.029666
12.899591	0.104914	0.029384
12.939591	0.103934	0.029181
12.979691	0.103090	0.029057
13.019691	0.102347	0.029002
13.059791	0.101657	0.028998
13.099791	0.100967	0.029017
13.139791	0.100229	0.029033
13.179891	0.099402	0.029018
13.219891	0.098458	0.028950
13.259991	0.097378	0.028813
13.299991	0.096152	0.028598
13.339991	0.094778	0.028304
13.380091	0.093254	0.027936
13.420091	0.091583	0.027504
13.460191	0.089773	0.027021
13.500191	0.087836	0.026502
13.540191	0.085796	0.025963
13.580291	0.083688	0.025421
13.620291	0.081553	0.024891
13.660391	0.079442	0.024390
13.700391	0.077401	0.023929
13.740391	0.075474	0.023520
13.780491	0.073692	0.023173
13.820491	0.072073	0.022891
13.860591	0.070627	0.022678
13.900591	0.069358	0.022537
13.940691	0.068272	0.022466
13.980691	0.067375	0.022467
14.020691	0.066685	0.022539
14.060791	0.066219	0.022680
14.100791	0.066000	0.022886
14.140891	0.066044	0.023152
14.180891	0.066363	0.023469
14.220891	0.066960	0.023829
14.260991	0.067827	0.024222
14.300991	0.068954	0.024642
14.341091	0.070322	0.025083
14.381091	0.071915	0.025544
14.421091	0.073710	0.026025
14.461191	0.075684	0.026529
14.501191	0.077807	0.027057
14.541291	0.080043	0.027611
14.581291	0.082349	0.028188
14.621291	0.084674	0.028781
14.661391	0.086968	0.029385
14.701391	0.089183	0.029989
14.741491	0.091279	0.030583
14.781491	0.093228	0.031160
14.821491	0.095018	0.031712
14.861591	0.096651	0.032234
14.901591	0.098140	0.032725
14.941691	0.099512	0.033185
14.981691	0.100799	0.033621
15.021691	0.102038	0.034041
15.061791	0.103268	0.034459
15.101791	0.104528	0.034891
15.141891	0.105859	0.035358
15.181891	0.107297	0.035881
15.221891	0.108876	0.036481
15.261991	0.110622	0.037176
15.301991	0.112548	0.037977
15.342091	0.114654	0.038888
15.382091	0.116925	0.039904
15.422091	0.119330	0.041011
15.462191	0.121820	0.042187
15.502191	0.124341	0.043405
15.542291	0.126828	0.044633
15.582291	0.129221	0.045841
15.622291	0.131464	0.047002
15.662391	0.133514	0.048092
15.702391	0.135348	0.049099
15.742491	0.136965	0.050016
15.782491	0.138386	0.050845
15.822491	0.139656	0.051599
15.862591	0.140834	0.052291
15.902591	0.141991	0.052940
15.942691	0.143191	0.053559
15.982691	0.144490	0.054154
16.022691	0.145916	0.054725
16.062791	0.147469	0.055258
16.102791	0.149119	0.055731
16.142891	0.150805	0.056116
16.182891	0.152445	0.056384
16.222891	0.153949	0.056511
16.262991	0.155227	0.056482
16.302991	0.156201	0.056294
16.343091	0.156811	0.055956
16.383091	0.157022	0.055488
16.423091	0.156822	0.054914
16.463191	0.156219	0.054259
16.503191	0.155245	0.053543
16.543291	0.153951	0.052784
16.583291	0.152401	0.051993
16.623291	0.150677	0.051178
16.663391	0.148867	0.050348
16.703391	0.147065	0.049518
16.743491	0.145364	0.048705
16.783491	0.143844	0.047931
16.823491	0.142571	0.047223
16.863591	0.141590	0.046609
16.903591	0.140920	0.046110
16.943691	0.140558	0.045746
16.983691	0.140479	0.045526
17.023691	0.140645	0.045452
17.063791	0.141007	0.045515
17.103791	0.141515	0.045704
17.143891	0.142120	0.045999
17.183891	0.142781	0.046381
17.223891	0.143465	0.046831
17.263991	0.144149	0.047332
17.303991	0.144818	0.047869
17.344091	0.145459	0.048431
17.384091	0.146063	0.049012
17.424091	0.146622	0.049607
17.464191	0.147123	0.050211
17.504191	0.147558	0.050822
17.544291	0.147919	0.051438
17.584291	0.148206	0.052057
17.624291	0.148429	0.052681
17.664391	0.148612	0.053314
17.704391	0.148794	0.053963
17.744491	0.149027	0.054642
17.784491	0.149377	0.055368
17.824491	0.149918	0.056161
17.864591	0.150726	0.057042
17.904591	0.151868	0.058029
17.944691	0.153393	0.059128
17.984691	0.155321	0.060333
18.024691	0.157630	0.061622
18.064791	0.160254	0.062951
18.104791	0.163084	0.064263
18.144891	0.165975	0.065489
18.184891	0.168765	0.066562
18.224891	0.171297	0.067425
18.264991	0.173437	0.068043
18.304991	0.175094	0.068405
18.345091	0.176225	0.068531
18.385091	0.176840	0.068463
18.425091	0.176995	0.068263
18.465191	0.176779	0.067999
18.505191	0.176305	0.067739
18.545291	0.175700	0.067545
18.585291	0.175092	0.067465
18.625291	0.174607	0.067538
18.665391	0.174363	0.067791
18.705391	0.174462	0.068240
18.745491	0.174983	0.068895
18.785491	0.175977	0.069756
18.825491	0.177463	0.070818
18.865591	0.179425	0.072067
18.905591	0.181814	0.073482
18.945691	0.184554	0.075037
18.985691	0.187541	0.076704
19.025691	0.190657	0.078452
19.065791	0.193767	0.080254
19.105791	0.196734	0.082083
19.145891	0.199415	0.083913
19.185891	0.201679	0.085720
19.225891	0.203408	0.087478
19.265991	0.204519	0.089161
19.305991	0.204967	0.090744
19.346091	0.204755	0.092201
19.386091	0.203938	0.093515
19.426091	0.202616	0.094674
19.466191	0.200923	0.095675
19.506191	0.199009	0.096527
19.546291	0.197021	0.097243
19.586291	0.195088	0.097847
19.626291	0.193305	0.098361
19.666391	0.191725	0.098807
19.706391	0.190363	0.099202
19.746491	0.189198	0.099560
19.786491	0.188188	0.099893
19.826491	0.187286	0.100211
19.866591	0.186445	0.100525
19.906591	0.185632	0.100848
19.946691	0.184828	0.101197
19.986691	0.184024	0.101587
20.026691	0.183212	0.102031
20.066791	0.182384	0.102535
20.106791	0.181518	0.103093
20.146891	0.180585	0.103693
20.186891	0.179550	0.104310
20.226891	0.178379	0.104919
20.266991	0.177052	0.105493
20.306991	0.175569	0.106014
20.347091	0.173955	0.106470
20.387091	0.172258	0.106862
20.427091	0.170546	0.107198
20.467191	0.168896	0.107493
20.507191	0.167387	0.107762
20.547291	0.166085	0.108014
20.587291	0.165042	0.108256
20.627291	0.164287	0.108482
20.667391	0.163825	0.108682
20.707391	0.163639	0.108843
20.747491	0.163690	0.108950
20.787491	0.163925	0.108995
20.827491	0.164280	0.108981
20.867591	0.164685	0.108920
20.907591	0.165072	0.108834
20.947691	0.165375	0.108752
20.987691	0.165534	0.108699
21.027691	0.165497	0.108690
21.067791	0.165223	0.108722
21.107791	0.164679	0.108773
21.147891	0.163846	0.108795
21.187891	0.162711	0.108726
21.227891	0.161268	0.108487
21.267991	0.159512	0.108000
21.307991	0.157439	0.107188
21.348091	0.155036	0.105989
21.388091	0.152289	0.104359
21.428091	0.149184	0.102278
21.468191	0.145716	0.099758
21.508191	0.141905	0.096841
21.548291	0.137797	0.093601
21.588291	0.133475	0.090144
21.628291	0.129051	0.086598
21.668391	0.124661	0.083106
21.708391	0.120448	0.079816
21.748491	0.116549	0.076865
21.788491	0.113082	0.074375
21.828491	0.110133	0.072435
21.868591	0.107761	0.071104
21.908591	0.105991	0.070404
21.948691	0.104825	0.070325
21.988691	0.104244	0.070827
22.028691	0.104215	0.071846
22.068791	0.104694	0.073303
22.108791	0.105627	0.075110
22.148891	0.106956	0.077175
22.188891	0.108609	0.079408
22.228891	0.110511	0.081717
22.268991	0.112573	0.084015
22.308991	0.114702	0.086212
22.349091	0.116801	0.088219
22.389091	0.118774	0.089950
22.429091	0.120538	0.091326
22.469191	0.122031	0.092284
22.509191	0.123220	0.092786
22.549291	0.124108	0.092822
22.589291	0.124736	0.092424
22.629291	0.125178	0.091660
22.669391	0.125537	0.090634
22.709391	0.125927	0.089471
22.749491	0.126463	0.088311
22.789491	0.127242	0.087292
22.829491	0.128333	0.086534
22.869591	0.129759	0.086129
22.909591	0.131500	0.086129
22.949691	0.133482	0.086540
22.989691	0.135586	0.087322
23.029691	0.137665	0.088393
23.069791	0.139551	0.089633
23.109791	0.141086	0.090902
23.149891	0.142140	0.092052
23.189891	0.142630	0.092950
23.229891	0.142536	0.093495
23.269991	0.141903	0.093628
23.309991	0.140836	0.093343
23.350091	0.139483	0.092688
23.390091	0.138018	0.091752
23.430091	0.136612	0.090654
23.470191	0.135410	0.089521
23.510191	0.134514	0.088471
23.550291	0.133972	0.087586
23.590291	0.133771	0.086918
23.630291	0.133852	0.086470
23.670391	0.134117	0.086216
23.710391	0.134453	0.086103
23.750491	0.134750	0.086071
23.790491	0.134922	0.086070
