Energy(eV)	C_p_DOS	Pt_d_DOS
-22.425928	0.000000	0.000000
-22.405928	0.000000	0.000000
-22.385928	0.000000	0.000000
-22.365928	0.000000	0.000000
-22.345928	0.000000	0.000000
-22.325828	0.000000	0.000000
-22.305828	0.000000	0.000000
-22.285828	0.000000	0.000000
-22.265828	0.000000	0.000000
-22.245828	0.000000	0.000000
-22.225828	0.000000	0.000000
-22.205828	0.000000	0.000000
-22.185828	0.000000	0.000000
-22.165828	0.000000	0.000000
-22.145828	0.000000	0.000000
-22.125728	0.000000	0.000000
-22.105728	0.000000	0.000000
-22.085728	0.000000	0.000000
-22.065728	0.000000	0.000000
-22.045728	0.000000	0.000000
-22.025728	0.000000	0.000000
-22.005728	0.000000	0.000000
-21.985728	0.000000	0.000000
-21.965728	0.000000	0.000000
-21.945728	0.000000	0.000000
-21.925628	0.000000	0.000000
-21.905628	0.000000	0.000000
-21.885628	0.000000	0.000000
-21.865628	0.000000	0.000000
-21.845628	0.000000	0.000000
-21.825628	0.000000	0.000000
-21.805628	0.000000	0.000000
-21.785628	0.000000	0.000000
-21.765628	0.000000	0.000000
-21.745628	0.000000	0.000000
-21.725528	0.000000	0.000000
-21.705528	0.000000	0.000000
-21.685528	0.000000	0.000000
-21.665528	0.000000	0.000000
-21.645528	0.000000	0.000000
-21.625528	0.000000	0.000000
-21.605528	0.000000	0.000000
-21.585528	0.000000	0.000000
-21.565528	0.000000	0.000000
-21.545528	0.000000	0.000000
-21.525428	0.000000	0.000000
-21.505428	0.000000	0.000000
-21.485428	0.000000	0.000000
-21.465428	0.000000	0.000000
-21.445428	0.000000	0.000000
-21.425428	0.000000	0.000000
-21.405428	0.000000	0.000000
-21.385428	0.000000	0.000000
-21.365428	0.000000	0.000000
-21.345428	0.000000	0.000000
-21.325328	0.000000	0.000000
-21.305328	0.000000	0.000000
-21.285328	0.000000	0.000000
-21.265328	0.000000	0.000000
-21.245328	0.000000	0.000000
-21.225328	0.000000	0.000000
-21.205328	0.000000	0.000000
-21.185328	0.000000	0.000000
-21.165328	0.000000	0.000000
-21.145328	0.000000	0.000000
-21.125228	0.000000	0.000000
-21.105228	0.000000	0.000000
-21.085228	0.000000	0.000000
-21.065228	0.000000	0.000000
-21.045228	0.000000	0.000000
-21.025228	0.000000	0.000000
-21.005228	0.000000	0.000000
-20.985228	0.000000	0.000000
-20.965228	0.000000	0.000000
-20.945228	0.000000	0.000000
-20.925128	0.000000	0.000000
-20.905128	0.000000	0.000000
-20.885128	0.000000	0.000000
-20.865128	0.000000	0.000000
-20.845128	0.000000	0.000000
-20.825128	0.000000	0.000000
-20.805128	0.000000	0.000000
-20.785128	0.000000	0.000000
-20.765128	0.000000	0.000000
-20.745128	0.000000	0.000000
-20.725028	0.000000	0.000000
-20.705028	0.000000	0.000000
-20.685028	0.000000	0.000000
-20.665028	0.000000	0.000000
-20.645028	0.000000	0.000000
-20.625028	0.000000	0.000000
-20.605028	0.000000	0.000000
-20.585028	0.000000	0.000000
-20.565028	0.000000	0.000000
-20.545028	0.000000	0.000000
-20.524928	0.000000	0.000000
-20.504928	0.000000	0.000000
-20.484928	0.000000	0.000000
-20.464928	0.000000	0.000000
-20.444928	0.000000	0.000000
-20.424928	0.000000	0.000000
-20.404928	0.000000	0.000000
-20.384928	0.000000	0.000000
-20.364928	0.000000	0.000000
-20.344928	0.000000	0.000000
-20.324828	0.000000	0.000000
-20.304828	0.000000	0.000000
-20.284828	0.000000	0.000000
-20.264828	0.000000	0.000000
-20.244828	0.000000	0.000000
-20.224828	0.000000	0.000000
-20.204828	0.000000	0.000000
-20.184828	0.000000	0.000000
-20.164828	0.000000	0.000000
-20.144828	0.000000	0.000000
-20.124728	0.000000	0.000000
-20.104728	0.000000	0.000000
-20.084728	0.000000	0.000000
-20.064728	0.000000	0.000000
-20.044728	0.000000	0.000000
-20.024728	0.000000	0.000000
-20.004728	0.000000	0.000000
-19.984728	0.000000	0.000000
-19.964728	0.000000	0.000000
-19.944728	0.000000	0.000000
-19.924628	0.000000	0.000000
-19.904628	0.000000	0.000000
-19.884628	0.000000	0.000000
-19.864628	0.000000	0.000000
-19.844628	0.000000	0.000000
-19.824628	0.000000	0.000000
-19.804628	0.000000	0.000000
-19.784628	0.000000	0.000000
-19.764628	0.000000	0.000000
-19.744628	0.000000	0.000000
-19.724528	0.000000	0.000000
-19.704528	0.000000	0.000000
-19.684528	0.000000	0.000000
-19.664528	0.000000	0.000000
-19.644528	0.000000	0.000000
-19.624528	0.000000	0.000000
-19.604528	0.000000	0.000000
-19.584528	0.000000	0.000000
-19.564528	0.000000	0.000000
-19.544528	0.000000	0.000000
-19.524428	0.000000	0.000000
-19.504428	0.000000	0.000000
-19.484428	0.000000	0.000000
-19.464428	0.000000	0.000000
-19.444428	0.000000	0.000000
-19.424428	0.000000	0.000000
-19.404428	0.000000	0.000000
-19.384428	0.000000	0.000000
-19.364428	0.000000	0.000000
-19.344428	0.000000	0.000000
-19.324328	0.000000	0.000000
-19.304328	0.000000	0.000000
-19.284328	0.000000	0.000000
-19.264328	0.000000	0.000000
-19.244328	0.000000	0.000000
-19.224328	0.000000	0.000000
-19.204328	0.000000	0.000000
-19.184328	0.000000	0.000000
-19.164328	0.000000	0.000000
-19.144328	0.000000	0.000000
-19.124228	0.000000	0.000000
-19.104228	0.000000	0.000000
-19.084228	0.000000	0.000000
-19.064228	0.000000	0.000000
-19.044228	0.000000	0.000000
-19.024228	0.000000	0.000000
-19.004228	0.000000	0.000000
-18.984228	0.000000	0.000000
-18.964228	0.000000	0.000000
-18.944228	0.000000	0.000000
-18.924128	0.000000	0.000000
-18.904128	0.000000	0.000000
-18.884128	0.000000	0.000000
-18.864128	0.000000	0.000000
-18.844128	0.000000	0.000000
-18.824128	0.000000	0.000000
-18.804128	0.000000	0.000000
-18.784128	0.000000	0.000000
-18.764128	0.000000	0.000000
-18.744128	0.000000	0.000000
-18.724028	0.000000	0.000000
-18.704028	0.000000	0.000000
-18.684028	0.000000	0.000000
-18.664028	0.000000	0.000000
-18.644028	0.000000	0.000000
-18.624028	0.000000	0.000000
-18.604028	0.000000	0.000000
-18.584028	0.000000	0.000000
-18.564028	0.000000	0.000000
-18.544028	0.000000	0.000000
-18.523928	0.000000	0.000000
-18.503928	0.000000	0.000000
-18.483928	0.000000	0.000000
-18.463928	0.000000	0.000000
-18.443928	0.000000	0.000000
-18.423928	0.000000	0.000000
-18.403928	0.000000	0.000000
-18.383928	0.000000	0.000000
-18.363928	0.000000	0.000000
-18.343928	0.000000	0.000000
-18.323828	0.000000	0.000000
-18.303828	0.000000	0.000000
-18.283828	0.000000	0.000000
-18.263828	0.000000	0.000000
-18.243828	0.000000	0.000000
-18.223828	0.000000	0.000000
-18.203828	0.000000	0.000000
-18.183828	0.000000	0.000000
-18.163828	0.000000	0.000000
-18.143828	0.000000	0.000000
-18.123728	0.000000	0.000000
-18.103728	0.000000	0.000000
-18.083728	0.000000	0.000000
-18.063728	0.000000	0.000000
-18.043728	0.000000	0.000000
-18.023728	0.000000	0.000000
-18.003728	0.000000	0.000000
-17.983728	0.000000	0.000000
-17.963728	0.000000	0.000000
-17.943728	0.000000	0.000000
-17.923628	0.000000	0.000000
-17.903628	0.000000	0.000000
-17.883628	0.000000	0.000000
-17.863628	0.000000	0.000000
-17.843628	0.000000	0.000000
-17.823628	0.000000	0.000000
-17.803628	0.000000	0.000000
-17.783628	0.000000	0.000000
-17.763628	0.000000	0.000000
-17.743628	0.000000	0.000000
-17.723528	0.000000	0.000000
-17.703528	0.000000	0.000000
-17.683528	0.000000	0.000000
-17.663528	0.000000	0.000000
-17.643528	0.000000	0.000000
-17.623528	0.000000	0.000000
-17.603528	0.000000	0.000000
-17.583528	0.000000	0.000000
-17.563528	0.000000	0.000000
-17.543528	0.000000	0.000000
-17.523428	0.000000	0.000000
-17.503428	0.000000	0.000000
-17.483428	0.000000	0.000000
-17.463428	0.000000	0.000000
-17.443428	0.000000	0.000000
-17.423428	0.000000	0.000000
-17.403428	0.000000	0.000000
-17.383428	0.000000	0.000000
-17.363428	0.000000	0.000000
-17.343428	0.000000	0.000000
-17.323328	0.000000	0.000000
-17.303328	0.000000	0.000000
-17.283328	0.000000	0.000000
-17.263328	0.000000	0.000000
-17.243328	0.000000	0.000000
-17.223328	0.000000	0.000000
-17.203328	0.000000	0.000000
-17.183328	0.000000	0.000000
-17.163328	0.000000	0.000000
-17.143328	0.000000	0.000000
-17.123228	0.000000	0.000000
-17.103228	0.000000	0.000000
-17.083228	0.000000	0.000000
-17.063228	0.000000	0.000000
-17.043228	0.000000	0.000000
-17.023228	0.000000	0.000000
-17.003228	0.000000	0.000000
-16.983228	0.000000	0.000000
-16.963228	0.000000	0.000000
-16.943228	0.000000	0.000000
-16.923128	0.000000	0.000000
-16.903128	0.000000	0.000000
-16.883128	0.000000	0.000000
-16.863128	0.000000	0.000000
-16.843128	0.000000	0.000000
-16.823128	0.000000	0.000000
-16.803128	0.000000	0.000000
-16.783128	0.000000	0.000000
-16.763128	0.000000	0.000000
-16.743128	0.000000	0.000000
-16.723028	0.000000	0.000000
-16.703028	0.000000	0.000000
-16.683028	0.000000	0.000000
-16.663028	0.000000	0.000000
-16.643028	0.000000	0.000000
-16.623028	0.000000	0.000000
-16.603028	0.000000	0.000000
-16.583028	0.000000	0.000000
-16.563028	0.000000	0.000000
-16.543028	0.000000	0.000000
-16.522928	0.000000	0.000000
-16.502928	0.000000	0.000000
-16.482928	0.000000	0.000000
-16.462928	0.000000	0.000000
-16.442928	0.000000	0.000000
-16.422928	0.000000	0.000000
-16.402928	0.000000	0.000000
-16.382928	0.000000	0.000000
-16.362928	0.000000	0.000000
-16.342928	0.000000	0.000000
-16.322828	0.000000	0.000000
-16.302828	0.000000	0.000000
-16.282828	0.000000	0.000000
-16.262828	0.000000	0.000000
-16.242828	0.000000	0.000000
-16.222828	0.000000	0.000000
-16.202828	0.000000	0.000000
-16.182828	0.000000	0.000000
-16.162828	0.000000	0.000000
-16.142828	0.000000	0.000000
-16.122728	0.000000	0.000000
-16.102728	0.000000	0.000000
-16.082728	0.000000	0.000000
-16.062728	0.000000	0.000000
-16.042728	0.000000	0.000000
-16.022728	0.000000	0.000000
-16.002728	0.000000	0.000000
-15.982728	0.000000	0.000000
-15.962728	0.000000	0.000000
-15.942728	0.000000	0.000000
-15.922628	0.000000	0.000000
-15.902628	0.000000	0.000000
-15.882628	0.000000	0.000000
-15.862628	0.000000	0.000000
-15.842628	0.000000	0.000000
-15.822628	0.000000	0.000000
-15.802628	0.000000	0.000000
-15.782628	0.000000	0.000000
-15.762628	0.000000	0.000000
-15.742628	0.000000	0.000000
-15.722528	0.000000	0.000000
-15.702528	0.000000	0.000000
-15.682528	0.000000	0.000000
-15.662528	0.000000	0.000000
-15.642528	0.000000	0.000000
-15.622528	0.000000	0.000000
-15.602528	0.000000	0.000000
-15.582528	0.000000	0.000000
-15.562528	0.000000	0.000000
-15.542528	0.000000	0.000000
-15.522428	0.000000	0.000000
-15.502428	0.000000	0.000000
-15.482428	0.000000	0.000000
-15.462428	0.000000	0.000000
-15.442428	0.000000	0.000000
-15.422428	0.000000	0.000000
-15.402428	0.000000	0.000000
-15.382428	0.000000	0.000000
-15.362428	0.000000	0.000000
-15.342428	0.000000	0.000000
-15.322328	0.000000	0.000000
-15.302328	0.000000	0.000000
-15.282328	0.000000	0.000000
-15.262328	0.000000	0.000000
-15.242328	0.000000	0.000000
-15.222328	0.000000	0.000000
-15.202328	0.000000	0.000000
-15.182328	0.000000	0.000000
-15.162328	0.000000	0.000000
-15.142328	0.000000	0.000000
-15.122228	0.000000	0.000000
-15.102228	0.000000	0.000000
-15.082228	0.000000	0.000000
-15.062228	0.000000	0.000000
-15.042228	0.000000	0.000000
-15.022228	0.000000	0.000000
-15.002228	0.000000	0.000000
-14.982228	0.000000	0.000000
-14.962228	0.000000	0.000000
-14.942228	0.000000	0.000000
-14.922128	0.000000	0.000000
-14.902128	0.000000	0.000000
-14.882128	0.000000	0.000000
-14.862128	0.000000	0.000000
-14.842128	0.000000	0.000000
-14.822128	0.000000	0.000000
-14.802128	0.000000	0.000000
-14.782128	0.000000	0.000000
-14.762128	0.000000	0.000000
-14.742128	0.000000	0.000000
-14.722028	0.000000	0.000000
-14.702028	0.000000	0.000000
-14.682028	0.000000	0.000000
-14.662028	0.000000	0.000000
-14.642028	0.000000	0.000000
-14.622028	0.000000	0.000000
-14.602028	0.000000	0.000000
-14.582028	0.000000	0.000000
-14.562028	0.000000	0.000000
-14.542028	0.000000	0.000000
-14.521928	0.000000	0.000000
-14.501928	0.000000	0.000000
-14.481928	0.000000	0.000000
-14.461928	0.000000	0.000000
-14.441928	0.000000	0.000000
-14.421928	0.000000	0.000000
-14.401928	0.000000	0.000000
-14.381928	0.000000	0.000000
-14.361928	0.000000	0.000000
-14.341928	0.000000	0.000000
-14.321828	0.000000	0.000000
-14.301828	0.000000	0.000000
-14.281828	0.000000	0.000000
-14.261828	0.000000	0.000000
-14.241828	0.000000	0.000000
-14.221828	0.000000	0.000000
-14.201828	0.000000	0.000000
-14.181828	0.000000	0.000000
-14.161828	0.000000	0.000000
-14.141828	0.000000	0.000000
-14.121728	0.000000	0.000000
-14.101728	0.000000	0.000000
-14.081728	0.000000	0.000000
-14.061728	0.000000	0.000000
-14.041728	0.000000	0.000000
-14.021728	0.000000	0.000000
-14.001728	0.000000	0.000000
-13.981728	0.000000	0.000000
-13.961728	0.000000	0.000000
-13.941728	0.000000	0.000000
-13.921628	0.000000	0.000000
-13.901628	0.000000	0.000000
-13.881628	0.000000	0.000000
-13.861628	0.000000	0.000000
-13.841628	0.000000	0.000000
-13.821628	0.000000	0.000000
-13.801628	0.000000	0.000000
-13.781628	0.000000	0.000000
-13.761628	0.000000	0.000000
-13.741628	0.000000	0.000000
-13.721528	0.000000	0.000000
-13.701528	0.000000	0.000000
-13.681528	0.000000	0.000000
-13.661528	0.000000	0.000000
-13.641528	0.000000	0.000000
-13.621528	0.000000	0.000000
-13.601528	0.000000	0.000000
-13.581528	0.000000	0.000000
-13.561528	0.000000	0.000000
-13.541528	0.000000	0.000000
-13.521428	0.000000	0.000000
-13.501428	0.000000	0.000000
-13.481428	0.000000	0.000000
-13.461428	0.000000	0.000000
-13.441428	0.000000	0.000000
-13.421428	0.000000	0.000000
-13.401428	0.000000	0.000000
-13.381428	0.000000	0.000000
-13.361428	0.000000	0.000000
-13.341428	0.000000	0.000000
-13.321328	0.000000	0.000000
-13.301328	0.000000	0.000000
-13.281328	0.000000	0.000000
-13.261328	0.000000	0.000000
-13.241328	0.000000	0.000000
-13.221328	0.000000	0.000000
-13.201328	0.000000	0.000000
-13.181328	0.000000	0.000000
-13.161328	0.000000	0.000000
-13.141328	0.000000	0.000000
-13.121228	0.000000	0.000000
-13.101228	0.000000	0.000000
-13.081228	0.000000	0.000000
-13.061228	0.000000	0.000000
-13.041228	0.000000	0.000000
-13.021228	0.000000	0.000000
-13.001228	0.000000	0.000000
-12.981228	0.000000	0.000000
-12.961228	0.000000	0.000000
-12.941228	0.000000	0.000000
-12.921128	0.000000	0.000000
-12.901128	0.000000	0.000000
-12.881128	0.000000	0.000000
-12.861128	0.000000	0.000000
-12.841128	0.000000	0.000000
-12.821128	0.000000	0.000000
-12.801128	0.000000	0.000000
-12.781128	0.000000	0.000000
-12.761128	0.000000	0.000000
-12.741128	0.000000	0.000000
-12.721028	0.000000	0.000000
-12.701028	0.000000	0.000000
-12.681028	0.000000	0.000000
-12.661028	0.000000	0.000000
-12.641028	0.000000	0.000000
-12.621028	0.000000	0.000000
-12.601028	0.000000	0.000000
-12.581028	0.000000	0.000000
-12.561028	0.000000	0.000000
-12.541028	0.000000	0.000000
-12.520928	0.000000	0.000000
-12.500928	0.000000	0.000000
-12.480928	0.000000	0.000000
-12.460928	0.000000	0.000000
-12.440928	0.000000	0.000000
-12.420928	0.000000	0.000000
-12.400928	0.000000	0.000000
-12.380928	0.000000	0.000000
-12.360928	0.000000	0.000000
-12.340928	0.000000	0.000000
-12.320828	0.000000	0.000000
-12.300828	0.000000	0.000000
-12.280828	0.000000	0.000000
-12.260828	0.000000	0.000000
-12.240828	0.000000	0.000000
-12.220828	0.000000	0.000000
-12.200828	0.000000	0.000000
-12.180828	0.000000	0.000000
-12.160828	0.000000	0.000000
-12.140828	0.000000	0.000000
-12.120728	0.000000	0.000000
-12.100728	0.000000	0.000000
-12.080728	0.000000	0.000000
-12.060728	0.000000	0.000000
-12.040728	0.000000	0.000000
-12.020728	0.000000	0.000000
-12.000728	0.000000	0.000000
-11.980728	0.000000	0.000000
-11.960728	0.000000	0.000000
-11.940728	0.000000	0.000000
-11.920628	0.000000	0.000000
-11.900628	0.000000	0.000000
-11.880628	0.000000	0.000000
-11.860628	0.000000	0.000000
-11.840628	0.000000	0.000000
-11.820628	0.000000	0.000000
-11.800628	0.000006	0.000019
-11.780628	0.000031	0.000103
-11.760628	0.000088	0.000291
-11.740628	0.000184	0.000610
-11.720528	0.000371	0.001228
-11.700528	0.000719	0.002377
-11.680528	0.001339	0.004426
-11.660528	0.002398	0.007923
-11.640528	0.004130	0.013638
-11.620528	0.006840	0.022575
-11.600528	0.010893	0.035931
-11.580528	0.016682	0.054992
-11.560528	0.024564	0.080930
-11.540528	0.034780	0.114522
-11.520428	0.047351	0.155827
-11.500428	0.061985	0.203877
-11.480428	0.078022	0.256483
-11.460428	0.094428	0.310249
-11.440428	0.109886	0.360846
-11.420428	0.122951	0.403541
-11.400428	0.132272	0.433913
-11.380428	0.136818	0.448604
-11.360428	0.136068	0.445926
-11.340428	0.130107	0.426184
-11.320328	0.119610	0.391617
-11.300328	0.105719	0.345978
-11.280328	0.089837	0.293870
-11.260328	0.073394	0.239979
-11.240328	0.057647	0.188407
-11.220328	0.043529	0.142208
-11.200328	0.031599	0.103191
-11.180328	0.022052	0.071986
-11.160328	0.014795	0.048277
-11.140328	0.009542	0.031125
-11.120228	0.005916	0.019290
-11.100228	0.003526	0.011493
-11.080228	0.002020	0.006583
-11.060228	0.001113	0.003624
-11.040228	0.000589	0.001918
-11.020228	0.000300	0.000976
-11.000228	0.000147	0.000477
-10.980228	0.000067	0.000216
-10.960228	0.000022	0.000071
-10.940228	0.000000	0.000000
-10.920128	0.000000	0.000000
-10.900128	0.000000	0.000000
-10.880128	0.000000	0.000000
-10.860128	0.000000	0.000000
-10.840128	0.000000	0.000000
-10.820128	0.000000	0.000000
-10.800128	0.000000	0.000000
-10.780128	0.000000	0.000000
-10.760128	0.000000	0.000000
-10.740128	0.000000	0.000000
-10.720028	0.000000	0.000000
-10.700028	0.000000	0.000000
-10.680028	0.000000	0.000000
-10.660028	0.000000	0.000000
-10.640028	0.000000	0.000000
-10.620028	0.000000	0.000000
-10.600028	0.000000	0.000000
-10.580028	0.000000	0.000000
-10.560028	0.000000	0.000000
-10.540028	0.000000	0.000000
-10.519928	0.000000	0.000000
-10.499928	0.000000	0.000000
-10.479928	0.000000	0.000000
-10.459928	0.000000	0.000000
-10.439928	0.000000	0.000000
-10.419928	0.000000	0.000000
-10.399928	0.000000	0.000000
-10.379928	0.000000	0.000000
-10.359928	0.000000	0.000000
-10.339928	0.000000	0.000000
-10.319828	0.000000	0.000000
-10.299828	0.000000	0.000000
-10.279828	0.000000	0.000000
-10.259828	0.000000	0.000000
-10.239828	0.000000	0.000000
-10.219828	0.000000	0.000000
-10.199828	0.000000	0.000000
-10.179828	0.000000	0.000000
-10.159828	0.000000	0.000000
-10.139828	0.000000	0.000000
-10.119728	0.000000	0.000000
-10.099728	0.000000	0.000000
-10.079728	0.000000	0.000000
-10.059728	0.000000	0.000000
-10.039728	0.000000	0.000000
-10.019728	0.000000	0.000000
-9.999728	0.000000	0.000000
-9.979728	0.000000	0.000000
-9.959728	0.000000	0.000000
-9.939728	0.000000	0.000000
-9.919628	0.000000	0.000000
-9.899628	0.000000	0.000000
-9.879628	0.000000	0.000000
-9.859628	0.000000	0.000000
-9.839628	0.000000	0.000000
-9.819628	0.000000	0.000000
-9.799628	0.000000	0.000001
-9.779628	0.000001	0.000001
-9.759628	0.000001	0.000002
-9.739628	0.000002	0.000004
-9.719528	0.000004	0.000007
-9.699528	0.000007	0.000012
-9.679528	0.000012	0.000020
-9.659528	0.000019	0.000032
-9.639528	0.000030	0.000049
-9.619528	0.000045	0.000074
-9.599528	0.000066	0.000108
-9.579528	0.000093	0.000153
-9.559528	0.000129	0.000214
-9.539528	0.000173	0.000291
-9.519428	0.000228	0.000390
-9.499428	0.000291	0.000515
-9.479428	0.000365	0.000672
-9.459428	0.000447	0.000870
-9.439428	0.000538	0.001122
-9.419428	0.000634	0.001445
-9.399428	0.000736	0.001861
-9.379428	0.000842	0.002396
-9.359428	0.000950	0.003083
-9.339428	0.001059	0.003956
-9.319328	0.001171	0.005050
-9.299328	0.001284	0.006397
-9.279328	0.001400	0.008024
-9.259328	0.001524	0.009997
-9.239328	0.001655	0.012320
-9.219328	0.001801	0.015053
-9.199328	0.001969	0.018284
-9.179328	0.002167	0.022115
-9.159328	0.002423	0.026943
-9.139328	0.002755	0.033070
-9.119228	0.003211	0.041231
-9.099228	0.003851	0.052420
-9.079228	0.004756	0.067989
-9.059228	0.006031	0.089651
-9.039228	0.007797	0.119405
-9.019228	0.010185	0.159366
-8.999228	0.013315	0.211472
-8.979228	0.017278	0.277102
-8.959228	0.022106	0.356636
-8.939228	0.027749	0.449038
-8.919128	0.034054	0.551572
-8.899128	0.040763	0.659740
-8.879128	0.047522	0.767514
-8.859128	0.053911	0.867884
-8.839128	0.059495	0.953659
-8.819128	0.063874	1.018401
-8.799128	0.066741	1.057324
-8.779128	0.067925	1.067984
-8.759128	0.067413	1.050600
-8.739128	0.065351	1.007976
-8.719028	0.062014	0.944998
-8.699028	0.057762	0.867859
-8.679028	0.052986	0.783147
-8.659028	0.048058	0.696989
-8.639028	0.043285	0.614396
-8.619028	0.038889	0.538890
-8.599028	0.034998	0.472439
-8.579028	0.031658	0.415637
-8.559028	0.028851	0.368033
-8.539028	0.026520	0.328535
-8.518928	0.024589	0.295766
-8.498928	0.022982	0.268352
-8.478928	0.021635	0.245104
-8.458928	0.020499	0.225093
-8.438928	0.019539	0.207643
-8.418928	0.018734	0.192363
-8.398928	0.018069	0.178970
-8.378928	0.017533	0.167296
-8.358928	0.017112	0.157238
-8.338928	0.016796	0.148850
-8.318828	0.016625	0.143067
-8.298828	0.016534	0.138959
-8.278828	0.016575	0.137836
-8.258828	0.016807	0.141220
-8.238828	0.017351	0.151758
-8.218828	0.018406	0.173692
-8.198828	0.020275	0.213334
-8.178828	0.023384	0.279378
-8.158828	0.028276	0.382864
-8.138828	0.035580	0.536517
-8.118728	0.045943	0.753252
-8.098728	0.059915	1.043789
-8.078728	0.077786	1.413475
-8.058728	0.099434	1.859017
-8.038728	0.124189	2.365725
-8.018728	0.150767	2.906375
-7.998728	0.177327	3.442466
-7.978728	0.201665	3.928206
-7.958728	0.221515	4.316851
-7.938728	0.234917	4.568230
-7.918628	0.240561	4.655801
-7.898628	0.238028	4.571497
-7.878628	0.227859	4.327116
-7.858628	0.211438	3.951901
-7.838628	0.190720	3.486956
-7.818628	0.167868	2.977949
-7.798628	0.144901	2.467881
-7.778628	0.123422	1.991443
-7.758628	0.104467	1.571898
-7.738628	0.088502	1.220636
-7.718528	0.075517	0.938862
-7.698528	0.065187	0.720541
-7.678528	0.057043	0.555635
-7.658528	0.050610	0.432911
-7.638528	0.045499	0.341921
-7.618528	0.041446	0.274055
-7.598528	0.038306	0.222855
-7.578528	0.036026	0.183814
-7.558528	0.034603	0.153934
-7.538528	0.034051	0.131238
-7.518428	0.034365	0.114241
-7.498428	0.035501	0.101705
-7.478428	0.037451	0.093832
-7.458428	0.040066	0.088866
-7.438428	0.043215	0.086157
-7.418428	0.046745	0.085071
-7.398428	0.050480	0.085030
-7.378428	0.054240	0.085543
-7.358428	0.057842	0.086208
-7.338428	0.061117	0.086714
-7.318328	0.063919	0.086834
-7.298328	0.066137	0.086406
-7.278328	0.067703	0.085329
-7.258328	0.068614	0.083581
-7.238328	0.068908	0.081151
-7.218328	0.068678	0.078091
-7.198328	0.068056	0.074483
-7.178328	0.067211	0.070436
-7.158328	0.066301	0.066065
-7.138328	0.065490	0.061485
-7.118228	0.064937	0.056804
-7.098228	0.064795	0.052118
-7.078228	0.065227	0.047504
-7.058228	0.066416	0.043031
-7.038228	0.068589	0.038759
-7.018228	0.072016	0.034745
-6.998228	0.077020	0.031053
-6.978228	0.083948	0.027745
-6.958228	0.093134	0.024890
-6.938228	0.104844	0.022553
-6.918128	0.119206	0.020784
-6.898128	0.136142	0.019615
-6.878128	0.155329	0.019041
-6.858128	0.176186	0.019023
-6.838128	0.197908	0.019479
-6.818128	0.219552	0.020299
-6.798128	0.240149	0.021349
-6.778128	0.258836	0.022494
-6.758128	0.274966	0.023608
-6.738128	0.288182	0.024592
-6.718028	0.298430	0.025377
-6.698028	0.305940	0.025926
-6.678028	0.311145	0.026230
-6.658028	0.314601	0.026297
-6.638028	0.316918	0.026150
-6.618028	0.318706	0.025813
-6.598028	0.320573	0.025314
-6.578028	0.323097	0.024686
-6.558028	0.326859	0.023961
-6.538028	0.332436	0.023181
-6.517928	0.340377	0.022388
-6.497928	0.351171	0.021629
-6.477928	0.365204	0.020947
-6.457928	0.382708	0.020378
-6.437928	0.403747	0.019949
-6.417928	0.428198	0.019672
-6.397928	0.455769	0.019544
-6.377928	0.486010	0.019549
-6.357928	0.518333	0.019662
-6.337928	0.552043	0.019850
-6.317828	0.586302	0.020076
-6.297828	0.620138	0.020300
-6.277828	0.652450	0.020486
-6.257828	0.682042	0.020599
-6.237828	0.707713	0.020612
-6.217828	0.728369	0.020506
-6.197828	0.743195	0.020273
-6.177828	0.751808	0.019917
-6.157828	0.754378	0.019457
-6.137828	0.751700	0.018923
-6.117728	0.745163	0.018355
-6.097728	0.736639	0.017801
-6.077728	0.728283	0.017308
-6.057728	0.722291	0.016922
-6.037728	0.720652	0.016677
-6.017728	0.724928	0.016596
-5.997728	0.736116	0.016688
-5.977728	0.754580	0.016951
-5.957728	0.780083	0.017370
-5.937728	0.811874	0.017921
-5.917628	0.848830	0.018581
-5.897628	0.889615	0.019320
-5.877628	0.932794	0.020116
-5.857628	0.976948	0.020944
-5.837628	1.020709	0.021787
-5.817628	1.062807	0.022628
-5.797628	1.102071	0.023451
-5.777628	1.137433	0.024239
-5.757628	1.167953	0.024974
-5.737628	1.192819	0.025638
-5.717528	1.211373	0.026208
-5.697528	1.223147	0.026660
-5.677528	1.227852	0.026972
-5.657528	1.225390	0.027122
-5.637528	1.215855	0.027093
-5.617528	1.199521	0.026873
-5.597528	1.176863	0.026457
-5.577528	1.148566	0.025849
-5.557528	1.115530	0.025063
-5.537528	1.078884	0.024120
-5.517428	1.039960	0.023048
-5.497428	1.000258	0.021882
-5.477428	0.961343	0.020659
-5.457428	0.924761	0.019420
-5.437428	0.891883	0.018202
-5.417428	0.863796	0.017042
-5.397428	0.841193	0.015970
-5.377428	0.824314	0.015008
-5.357428	0.812954	0.014169
-5.337428	0.806517	0.013454
-5.317328	0.804057	0.012859
-5.297328	0.804462	0.012367
-5.277328	0.806534	0.011957
-5.257328	0.809160	0.011606
-5.237328	0.811379	0.011288
-5.217328	0.812477	0.010980
-5.197328	0.812043	0.010663
-5.177328	0.810034	0.010323
-5.157328	0.806753	0.009953
-5.137328	0.802829	0.009552
-5.117228	0.799167	0.009126
-5.097228	0.796617	0.008682
-5.077228	0.795866	0.008233
-5.057228	0.797140	0.007791
-5.037228	0.800080	0.007364
-5.017228	0.803695	0.006957
-4.997228	0.806541	0.006574
-4.977228	0.807158	0.006211
-4.957228	0.804613	0.005869
-4.937228	0.799024	0.005549
-4.917128	0.791934	0.005260
-4.897128	0.786337	0.005018
-4.877128	0.786266	0.004842
-4.857128	0.796028	0.004758
-4.837128	0.819163	0.004787
-4.817128	0.857480	0.004944
-4.797128	0.910348	0.005231
-4.777128	0.974468	0.005638
-4.757128	1.044314	0.006135
-4.737128	1.113044	0.006687
-4.717028	1.173769	0.007251
-4.697028	1.220847	0.007786
-4.677028	1.250898	0.008261
-4.657028	1.263352	0.008657
-4.637028	1.260335	0.008972
-4.617028	1.246067	0.009215
-4.597028	1.225825	0.009403
-4.577028	1.204837	0.009559
-4.557028	1.187275	0.009702
-4.537028	1.175609	0.009846
-4.516928	1.170412	0.009997
-4.496928	1.170569	0.010153
-4.476928	1.173766	0.010308
-4.456928	1.177232	0.010451
-4.436928	1.178338	0.010573
-4.416928	1.175218	0.010669
-4.396928	1.167011	0.010737
-4.376928	1.153925	0.010785
-4.356928	1.137153	0.010825
-4.336928	1.118607	0.010876
-4.316828	1.100658	0.010966
-4.296828	1.085834	0.011124
-4.276828	1.076694	0.011385
-4.256828	1.075481	0.011786
-4.236828	1.083975	0.012359
-4.216828	1.103274	0.013130
-4.196828	1.133663	0.014116
-4.176828	1.174473	0.015314
-4.156828	1.224017	0.016705
-4.136828	1.279727	0.018249
-4.116728	1.338443	0.019890
-4.096728	1.396793	0.021555
-4.076728	1.451581	0.023167
-4.056728	1.500250	0.024646
-4.036728	1.541117	0.025918
-4.016728	1.573497	0.026920
-3.996728	1.597583	0.027603
-3.976728	1.614244	0.027940
-3.956728	1.624744	0.027922
-3.936728	1.630393	0.027560
-3.916628	1.632380	0.026888
-3.896628	1.631646	0.025958
-3.876628	1.628885	0.024837
-3.856628	1.624623	0.023601
-3.836628	1.619281	0.022330
-3.816628	1.613320	0.021102
-3.796628	1.607287	0.019981
-3.776628	1.601847	0.019020
-3.756628	1.597726	0.018251
-3.736628	1.595682	0.017687
-3.716528	1.596395	0.017320
-3.696528	1.600350	0.017131
-3.676528	1.607782	0.017084
-3.656528	1.618517	0.017138
-3.636528	1.632025	0.017250
-3.616528	1.647425	0.017378
-3.596528	1.663572	0.017484
-3.576528	1.679249	0.017545
-3.556528	1.693311	0.017543
-3.536528	1.704805	0.017478
-3.516428	1.713134	0.017357
-3.496428	1.718016	0.017199
-3.476428	1.719433	0.017025
-3.456428	1.717561	0.016858
-3.436428	1.712649	0.016718
-3.416428	1.704881	0.016614
-3.396428	1.694401	0.016549
-3.376428	1.681355	0.016518
-3.356428	1.666024	0.016510
-3.336428	1.648985	0.016517
-3.316328	1.631310	0.016532
-3.296328	1.614640	0.016559
-3.276328	1.601224	0.016612
-3.256328	1.593749	0.016713
-3.236328	1.594980	0.016891
-3.216328	1.607328	0.017173
-3.196328	1.632268	0.017579
-3.176328	1.669910	0.018115
-3.156328	1.718580	0.018770
-3.136328	1.774822	0.019514
-3.116228	1.833602	0.020298
-3.096228	1.888865	0.021062
-3.076228	1.934313	0.021739
-3.056228	1.964284	0.022266
-3.036228	1.974564	0.022590
-3.016228	1.963000	0.022678
-2.996228	1.929735	0.022521
-2.976228	1.877118	0.022133
-2.956228	1.809223	0.021550
-2.936228	1.731182	0.020828
-2.916128	1.648347	0.020030
-2.896128	1.565561	0.019217
-2.876128	1.486655	0.018446
-2.856128	1.414064	0.017764
-2.836128	1.348956	0.017203
-2.816128	1.291326	0.016783
-2.796128	1.240448	0.016514
-2.776128	1.195302	0.016402
-2.756128	1.154818	0.016446
-2.736128	1.118246	0.016640
-2.716028	1.085231	0.016975
-2.696028	1.055764	0.017432
-2.676028	1.030009	0.017978
-2.656028	1.008195	0.018569
-2.636028	0.990469	0.019145
-2.616028	0.976853	0.019642
-2.596028	0.967335	0.019992
-2.576028	0.961899	0.020143
-2.556028	0.960753	0.020064
-2.536028	0.964452	0.019756
-2.515928	0.973953	0.019257
-2.495928	0.990477	0.018640
-2.475928	1.015304	0.017999
-2.455928	1.049399	0.017434
-2.435928	1.093046	0.017037
-2.415928	1.145517	0.016868
-2.395928	1.204947	0.016949
-2.375928	1.268318	0.017256
-2.355928	1.331882	0.017726
-2.335928	1.391544	0.018263
-2.315828	1.443405	0.018763
-2.295828	1.484390	0.019124
-2.275828	1.512612	0.019268
-2.255828	1.527627	0.019148
-2.235828	1.530450	0.018756
-2.215828	1.523355	0.018120
-2.195828	1.509520	0.017295
-2.175828	1.492550	0.016353
-2.155828	1.475978	0.015370
-2.135828	1.462853	0.014417
-2.115728	1.455285	0.013549
-2.095728	1.454208	0.012804
-2.075728	1.459389	0.012200
-2.055728	1.469398	0.011737
-2.035728	1.481997	0.011399
-2.015728	1.494373	0.011165
-1.995728	1.503731	0.011004
-1.975728	1.507733	0.010891
-1.955728	1.504878	0.010803
-1.935728	1.494885	0.010731
-1.915628	1.478588	0.010675
-1.895628	1.457881	0.010649
-1.875628	1.435435	0.010682
-1.855628	1.414167	0.010807
-1.835628	1.396769	0.011063
-1.815628	1.385193	0.011483
-1.795628	1.380401	0.012091
-1.775628	1.382240	0.012889
-1.755628	1.389545	0.013862
-1.735628	1.400419	0.014971
-1.715528	1.412661	0.016160
-1.695528	1.424158	0.017356
-1.675528	1.433174	0.018484
-1.655528	1.438554	0.019470
-1.635528	1.439744	0.020254
-1.615528	1.436691	0.020794
-1.595528	1.429728	0.021067
-1.575528	1.419361	0.021078
-1.555528	1.406293	0.020848
-1.535528	1.391171	0.020415
-1.515428	1.374823	0.019827
-1.495428	1.358087	0.019135
-1.475428	1.341872	0.018384
-1.455428	1.327102	0.017615
-1.435428	1.314662	0.016857
-1.415428	1.305288	0.016127
-1.395428	1.299488	0.015434
-1.375428	1.297505	0.014782
-1.355428	1.299331	0.014168
-1.335428	1.304745	0.013592
-1.315328	1.313346	0.013053
-1.295328	1.324689	0.012556
-1.275328	1.338243	0.012109
-1.255328	1.353382	0.011720
-1.235328	1.369375	0.011399
-1.215328	1.385380	0.011152
-1.195328	1.400467	0.010980
-1.175328	1.413595	0.010882
-1.155328	1.423790	0.010847
-1.135328	1.430278	0.010864
-1.115228	1.432652	0.010915
-1.095228	1.431040	0.010987
-1.075228	1.426136	0.011066
-1.055228	1.419133	0.011144
-1.035228	1.411626	0.011218
-1.015228	1.405225	0.011287
-0.995228	1.401274	0.011355
-0.975228	1.400510	0.011422
-0.955228	1.402819	0.011490
-0.935228	1.407188	0.011551
-0.915128	1.411795	0.011597
-0.895128	1.414293	0.011613
-0.875128	1.412251	0.011584
-0.855128	1.403587	0.011495
-0.835128	1.386959	0.011336
-0.815128	1.361994	0.011103
-0.795128	1.329367	0.010801
-0.775128	1.290617	0.010441
-0.755128	1.247932	0.010040
-0.735128	1.203735	0.009617
-0.715028	1.160393	0.009194
-0.695028	1.119889	0.008790
-0.675028	1.083705	0.008420
-0.655028	1.052685	0.008096
-0.635028	1.027090	0.007822
-0.615028	1.006645	0.007599
-0.595028	0.990622	0.007422
-0.575028	0.977976	0.007283
-0.555028	0.967427	0.007171
-0.535028	0.957576	0.007072
-0.514928	0.947016	0.006975
-0.494928	0.934443	0.006866
-0.474928	0.918767	0.006737
-0.454928	0.899221	0.006580
-0.434928	0.875405	0.006392
-0.414928	0.847370	0.006172
-0.394928	0.815526	0.005924
-0.374928	0.780638	0.005654
-0.354928	0.743755	0.005371
-0.334928	0.706052	0.005084
-0.314828	0.668744	0.004805
-0.294828	0.632970	0.004543
-0.274828	0.599701	0.004304
-0.254828	0.569686	0.004096
-0.234828	0.543456	0.003920
-0.214828	0.521293	0.003776
-0.194828	0.503288	0.003665
-0.174828	0.489376	0.003582
-0.154828	0.479366	0.003523
-0.134828	0.472964	0.003483
-0.114728	0.469785	0.003460
-0.094728	0.469355	0.003449
-0.074728	0.471112	0.003447
-0.054728	0.474427	0.003451
-0.034728	0.478648	0.003461
-0.014728	0.483111	0.003474
0.005272	0.487218	0.003491
0.025272	0.490476	0.003509
0.045272	0.492529	0.003528
0.065272	0.493164	0.003549
0.085372	0.492306	0.003570
0.105372	0.490002	0.003592
0.125372	0.486383	0.003613
0.145372	0.481649	0.003635
0.165372	0.476023	0.003658
0.185372	0.469756	0.003682
0.205372	0.463102	0.003707
0.225372	0.456319	0.003735
0.245372	0.449657	0.003767
0.265372	0.443306	0.003805
0.285472	0.437478	0.003852
0.305472	0.432361	0.003910
0.325472	0.428138	0.003986
0.345472	0.425010	0.004085
0.365472	0.423202	0.004216
0.385472	0.422971	0.004389
0.405472	0.424585	0.004612
0.425472	0.428276	0.004894
0.445472	0.434226	0.005241
0.465472	0.442373	0.005649
0.485572	0.452425	0.006108
0.505572	0.463768	0.006596
0.525572	0.475479	0.007079
0.545572	0.486384	0.007516
0.565572	0.495216	0.007862
0.585572	0.500827	0.008071
0.605572	0.502461	0.008113
0.625572	0.499919	0.007974
0.645572	0.493689	0.007661
0.665572	0.484902	0.007202
0.685672	0.475217	0.006656
0.705672	0.466489	0.006097
0.725672	0.460418	0.005614
0.745672	0.458236	0.005308
0.765672	0.460520	0.005285
0.785672	0.467161	0.005656
0.805672	0.477510	0.006537
0.825672	0.490661	0.008040
0.845672	0.505657	0.010262
0.865672	0.521736	0.013265
0.885772	0.538334	0.017054
0.905772	0.554937	0.021550
0.925772	0.570838	0.026572
0.945772	0.584914	0.031832
0.965772	0.595526	0.036961
0.985772	0.600661	0.041547
1.005772	0.598276	0.045196
1.025772	0.586776	0.047595
1.045772	0.565479	0.048572
1.065772	0.534892	0.048119
1.085872	0.496767	0.046392
1.105872	0.453722	0.043678
1.125872	0.408829	0.040333
1.145872	0.365010	0.036725
1.165872	0.324556	0.033170
1.185872	0.288855	0.029900
1.205872	0.258361	0.027051
1.225872	0.232789	0.024676
1.245872	0.211420	0.022767
1.265872	0.193436	0.021289
1.285972	0.178224	0.020208
1.305972	0.165435	0.019507
1.325972	0.155022	0.019192
1.345972	0.147149	0.019287
1.365972	0.142059	0.019827
1.385972	0.139934	0.020845
1.405972	0.140803	0.022358
1.425972	0.144484	0.024363
1.445972	0.150625	0.026829
1.465972	0.158708	0.029701
1.486072	0.168114	0.032899
1.506072	0.178137	0.036317
1.526072	0.188099	0.039839
1.546072	0.197385	0.043345
1.566072	0.205473	0.046716
1.586072	0.211970	0.049848
1.606072	0.216623	0.052652
1.626072	0.219326	0.055061
1.646072	0.220093	0.057032
1.666072	0.219075	0.058546
1.686172	0.216457	0.059601
1.706172	0.212471	0.060219
1.726172	0.207364	0.060435
1.746172	0.201378	0.060301
1.766172	0.194744	0.059887
1.786172	0.187682	0.059271
1.806172	0.180402	0.058541
1.826172	0.173100	0.057789
1.846172	0.165953	0.057099
1.866172	0.159109	0.056543
1.886272	0.152671	0.056174
1.906272	0.146714	0.056027
1.926272	0.141248	0.056111
1.946272	0.136268	0.056419
1.966272	0.131750	0.056933
1.986272	0.127671	0.057624
2.006272	0.124047	0.058465
2.026272	0.120940	0.059431
2.046272	0.118480	0.060502
2.066272	0.116874	0.061667
2.086372	0.116399	0.062919
2.106372	0.117397	0.064255
2.126372	0.120247	0.065675
2.146372	0.125324	0.067179
2.166372	0.132938	0.068759
2.186372	0.143268	0.070400
2.206372	0.156290	0.072068
2.226372	0.171716	0.073711
2.246372	0.188959	0.075249
2.266372	0.207151	0.076584
2.286472	0.225205	0.077598
2.306472	0.241926	0.078170
2.326472	0.256150	0.078185
2.346472	0.266895	0.077556
2.366472	0.273475	0.076235
2.386472	0.275577	0.074220
2.406472	0.273262	0.071557
2.426472	0.266916	0.068330
2.446472	0.257150	0.064648
2.466472	0.244682	0.060628
2.486572	0.230229	0.056384
2.506572	0.214428	0.052018
2.526572	0.197791	0.047611
2.546572	0.180710	0.043237
2.566572	0.163480	0.038969
2.586572	0.146354	0.034891
2.606572	0.129581	0.031113
2.626572	0.113451	0.027779
2.646572	0.098304	0.025067
2.666572	0.084526	0.023190
2.686672	0.072524	0.022381
2.706672	0.062677	0.022874
2.726672	0.055293	0.024880
2.746672	0.050584	0.028567
2.766672	0.048602	0.034026
2.786672	0.049251	0.041257
2.806672	0.052292	0.050160
2.826672	0.057350	0.060530
2.846672	0.063970	0.072081
2.866672	0.071665	0.084477
2.886772	0.079958	0.097368
2.906772	0.088445	0.110449
2.926772	0.096816	0.123494
2.946772	0.104879	0.136390
2.966772	0.112564	0.149148
2.986772	0.119898	0.161888
3.006772	0.126982	0.174806
3.026772	0.133945	0.188123
3.046772	0.140908	0.202028
3.066772	0.147956	0.216621
3.086872	0.155109	0.231872
3.106872	0.162317	0.247600
3.126872	0.169455	0.263471
3.146872	0.176337	0.279021
3.166872	0.182732	0.293704
3.186872	0.188386	0.306944
3.206872	0.193042	0.318202
3.226872	0.196468	0.327036
3.246872	0.198477	0.333148
3.266872	0.198945	0.336420
3.286972	0.197818	0.336905
3.306972	0.195120	0.334818
3.326972	0.190940	0.330489
3.346972	0.185433	0.324320
3.366972	0.178799	0.316732
3.386972	0.171266	0.308122
3.406972	0.163081	0.298837
3.426972	0.154492	0.289163
3.446972	0.145735	0.279327
3.466972	0.137027	0.269510
3.487072	0.128558	0.259861
3.507072	0.120482	0.250522
3.527072	0.112930	0.241642
3.547072	0.105993	0.233385
3.567072	0.099736	0.225939
3.587072	0.094204	0.219518
3.607072	0.089419	0.214350
3.627072	0.085389	0.210676
3.647072	0.082106	0.208732
3.667072	0.079547	0.208738
3.687172	0.077677	0.210880
3.707172	0.076443	0.215314
3.727172	0.075772	0.222094
3.747172	0.075581	0.231229
3.767172	0.075773	0.242632
3.787172	0.076243	0.256120
3.807172	0.076885	0.271417
3.827172	0.077598	0.288165
3.847172	0.078293	0.305942
3.867172	0.078902	0.324285
3.887272	0.079375	0.342724
3.907272	0.079679	0.360781
3.927272	0.079801	0.378000
3.947272	0.079736	0.393943
3.967272	0.079480	0.408182
3.987272	0.079032	0.420312
4.007272	0.078389	0.429958
4.027272	0.077551	0.436824
4.047272	0.076534	0.440752
4.067272	0.075374	0.441812
4.087372	0.074142	0.440342
4.107372	0.072941	0.437014
4.127372	0.071904	0.432815
4.147372	0.071178	0.428988
4.167372	0.070901	0.426926
4.187372	0.071189	0.428043
4.207372	0.072106	0.433642
4.227372	0.073665	0.444837
4.247372	0.075828	0.462509
4.267372	0.078529	0.487397
4.287472	0.081692	0.520060
4.307472	0.085260	0.561031
4.327472	0.089210	0.610777
4.347472	0.093564	0.669659
4.367472	0.098381	0.737797
4.387472	0.103735	0.814866
4.407472	0.109693	0.899859
4.427472	0.116278	0.990874
4.447472	0.123448	1.084988
4.467472	0.131074	1.178254
4.487572	0.138952	1.265910
4.507572	0.146787	1.342621
4.527572	0.154263	1.403131
4.547572	0.161064	1.442813
4.567572	0.166924	1.458256
4.587572	0.171682	1.447853
4.607572	0.175309	1.412121
4.627572	0.177917	1.353756
4.647572	0.179735	1.277365
4.667572	0.181059	1.188895
4.687672	0.182178	1.094838
4.707672	0.183291	1.001360
4.727672	0.184443	0.913510
4.747672	0.185481	0.834615
4.767672	0.186060	0.766041
4.787672	0.185695	0.707278
4.807672	0.183845	0.656353
4.827672	0.180026	0.610455
4.847672	0.173918	0.566642
4.867672	0.165451	0.522476
4.887772	0.154838	0.476470
4.907772	0.142563	0.428304
4.927772	0.129314	0.378733
4.947772	0.115879	0.329314
4.967772	0.103037	0.282001
4.987772	0.091455	0.238740
5.007772	0.081612	0.201074
5.027772	0.073783	0.169999
5.047772	0.068034	0.145870
5.067772	0.064272	0.128490
5.087872	0.062290	0.117227
5.107872	0.061836	0.111299
5.127872	0.062644	0.109837
5.147872	0.064477	0.112101
5.167872	0.067131	0.117513
5.187872	0.070438	0.125671
5.207872	0.074254	0.136320
5.227872	0.078442	0.149285
5.247872	0.082864	0.164386
5.267872	0.087378	0.181400
5.287972	0.091833	0.199985
5.307972	0.096085	0.219671
5.327972	0.100023	0.239955
5.347972	0.103553	0.260215
5.367972	0.106649	0.279907
5.387972	0.109341	0.298579
5.407972	0.111709	0.315900
5.427972	0.113871	0.331649
5.447972	0.115950	0.345661
5.467972	0.118050	0.357738
5.488072	0.120225	0.367579
5.508072	0.122454	0.374724
5.528072	0.124638	0.378568
5.548072	0.126603	0.378433
5.568072	0.128115	0.373684
5.588072	0.128915	0.363876
5.608072	0.128750	0.348882
5.628072	0.127413	0.328976
5.648072	0.124778	0.304849
5.668072	0.120821	0.277547
5.688172	0.115634	0.248358
5.708172	0.109418	0.218656
5.728172	0.102460	0.189747
5.748172	0.095098	0.162734
5.768172	0.087682	0.138431
5.788172	0.080532	0.117324
5.808172	0.073907	0.099577
5.828172	0.067984	0.085121
5.848172	0.062851	0.073657
5.868172	0.058519	0.064784
5.888272	0.054935	0.058055
5.908272	0.052007	0.053030
5.928272	0.049619	0.049309
5.948272	0.047656	0.046556
5.968272	0.046012	0.044500
5.988272	0.044599	0.042931
6.008272	0.043350	0.041696
6.028272	0.042215	0.040686
6.048272	0.041163	0.039823
6.068272	0.040182	0.039065
6.088372	0.039265	0.038370
6.108372	0.038426	0.037726
6.128372	0.037677	0.037124
6.148372	0.037043	0.036562
6.168372	0.036561	0.036041
6.188372	0.036270	0.035565
6.208372	0.036228	0.035144
6.228372	0.036500	0.034785
6.248372	0.037171	0.034503
6.268372	0.038336	0.034317
6.288472	0.040095	0.034248
6.308472	0.042540	0.034317
6.328472	0.045732	0.034542
6.348472	0.049685	0.034932
6.368472	0.054347	0.035485
6.388472	0.059590	0.036183
6.408472	0.065217	0.036997
6.428472	0.070984	0.037895
6.448472	0.076635	0.038846
6.468472	0.081939	0.039831
6.488572	0.086728	0.040847
6.508572	0.090927	0.041911
6.528572	0.094557	0.043054
6.548572	0.097718	0.044311
6.568572	0.100571	0.045716
6.588572	0.103293	0.047290
6.608572	0.106043	0.049038
6.628572	0.108935	0.050945
6.648572	0.112018	0.052979
6.668572	0.115276	0.055093
6.688672	0.118631	0.057227
6.708672	0.121955	0.059308
6.728672	0.125089	0.061255
6.748672	0.127858	0.062974
6.768672	0.130088	0.064369
6.788672	0.131623	0.065344
6.808672	0.132352	0.065823
6.828672	0.132223	0.065760
6.848672	0.131260	0.065157
6.868672	0.129579	0.064074
6.888772	0.127377	0.062628
6.908772	0.124918	0.060990
6.928772	0.122495	0.059353
6.948772	0.120392	0.057915
6.968772	0.118833	0.056843
6.988772	0.117939	0.056242
7.008772	0.117716	0.056149
7.028772	0.118050	0.056520
7.048772	0.118734	0.057248
7.068772	0.119505	0.058184
7.088872	0.120099	0.059162
7.108872	0.120297	0.060034
7.128872	0.119961	0.060690
7.148872	0.119055	0.061076
7.168872	0.117634	0.061187
7.188872	0.115821	0.061062
7.208872	0.113768	0.060760
7.228872	0.111616	0.060335
7.248872	0.109457	0.059815
7.268872	0.107312	0.059183
7.288972	0.105129	0.058381
7.308972	0.102793	0.057309
7.328972	0.100160	0.055853
7.348972	0.097095	0.053910
7.368972	0.093513	0.051420
7.388972	0.089403	0.048382
7.408972	0.084846	0.044865
7.428972	0.080006	0.041002
7.448972	0.075109	0.036970
7.468972	0.070410	0.032963
7.489072	0.066155	0.029165
7.509072	0.062549	0.025721
7.529072	0.059731	0.022730
7.549072	0.057764	0.020237
7.569072	0.056628	0.018235
7.589072	0.056233	0.016681
7.609072	0.056434	0.015508
7.629072	0.057048	0.014638
7.649072	0.057880	0.013993
7.669072	0.058744	0.013505
7.689172	0.059485	0.013118
7.709172	0.059992	0.012795
7.729172	0.060207	0.012513
7.749172	0.060122	0.012263
7.769172	0.059773	0.012047
7.789172	0.059225	0.011873
7.809172	0.058558	0.011753
7.829172	0.057844	0.011694
7.849172	0.057141	0.011700
7.869172	0.056489	0.011771
7.889272	0.055907	0.011902
7.909272	0.055402	0.012085
7.929272	0.054971	0.012312
7.949272	0.054618	0.012578
7.969272	0.054353	0.012883
7.989272	0.054201	0.013231
8.009272	0.054193	0.013634
8.029272	0.054374	0.014106
8.049272	0.054790	0.014668
8.069272	0.055489	0.015339
8.089372	0.056511	0.016136
8.109372	0.057887	0.017075
8.129372	0.059635	0.018166
8.149372	0.061757	0.019411
8.169372	0.064236	0.020808
8.189372	0.067037	0.022344
8.209372	0.070100	0.024001
8.229372	0.073348	0.025753
8.249372	0.076680	0.027562
8.269372	0.079981	0.029388
8.289472	0.083125	0.031182
8.309472	0.085984	0.032890
8.329472	0.088439	0.034457
8.349472	0.090395	0.035834
8.369472	0.091781	0.036974
8.389472	0.092581	0.037851
8.409472	0.092832	0.038456
8.429472	0.092626	0.038806
8.449472	0.092110	0.038942
8.469472	0.091466	0.038926
8.489572	0.090890	0.038834
8.509572	0.090566	0.038744
8.529572	0.090634	0.038726
8.549572	0.091166	0.038828
8.569572	0.092151	0.039066
8.589572	0.093492	0.039423
8.609572	0.095012	0.039851
8.629572	0.096475	0.040273
8.649572	0.097621	0.040600
8.669572	0.098196	0.040742
8.689672	0.097992	0.040623
8.709672	0.096875	0.040197
8.729672	0.094810	0.039452
8.749672	0.091867	0.038420
8.769672	0.088223	0.037170
8.789672	0.084142	0.035810
8.809672	0.079952	0.034468
8.829672	0.076019	0.033290
8.849672	0.072703	0.032420
8.869672	0.070335	0.031989
8.889772	0.069180	0.032103
8.909772	0.069419	0.032835
8.929772	0.071116	0.034211
8.949772	0.074222	0.036212
8.969772	0.078564	0.038768
8.989772	0.083863	0.041768
9.009772	0.089760	0.045072
9.029772	0.095851	0.048525
9.049772	0.101735	0.051979
9.069772	0.107049	0.055299
9.089872	0.111504	0.058379
9.109872	0.114892	0.061131
9.129872	0.117084	0.063479
9.149872	0.118005	0.065340
9.169872	0.117614	0.066615
9.189872	0.115878	0.067181
9.209872	0.112757	0.066897
9.229872	0.108222	0.065631
9.249872	0.102278	0.063290
9.269872	0.094998	0.059850
9.289972	0.086559	0.055382
9.309972	0.077247	0.050061
9.329972	0.067461	0.044155
9.349972	0.057679	0.038000
9.369972	0.048413	0.031959
9.389972	0.040150	0.026375
9.409972	0.033302	0.021544
9.429972	0.028170	0.017680
9.449972	0.024920	0.014911
9.469972	0.023577	0.013275
9.490072	0.024041	0.012734
9.510072	0.026105	0.013195
9.530072	0.029489	0.014525
9.550072	0.033869	0.016574
9.570072	0.038909	0.019191
9.590072	0.044291	0.022231
9.610072	0.049734	0.025570
9.630072	0.055008	0.029098
9.650072	0.059936	0.032719
9.670072	0.064393	0.036347
9.690172	0.068286	0.039893
9.710172	0.071548	0.043261
9.730172	0.074123	0.046349
9.750172	0.075968	0.049051
9.770172	0.077047	0.051265
9.790172	0.077349	0.052909
9.810172	0.076897	0.053936
9.830172	0.075753	0.054338
9.850172	0.074029	0.054158
9.870172	0.071872	0.053480
9.890272	0.069471	0.052429
9.910272	0.067031	0.051153
9.930272	0.064759	0.049810
9.950272	0.062850	0.048553
9.970272	0.061472	0.047515
9.990272	0.060756	0.046803
10.010272	0.060791	0.046486
10.030272	0.061613	0.046592
10.050272	0.063203	0.047108
10.070272	0.065480	0.047976
10.090372	0.068297	0.049093
10.110372	0.071438	0.050321
10.130372	0.074633	0.051491
10.150372	0.077570	0.052423
10.170372	0.079934	0.052942
10.190372	0.081436	0.052905
10.210372	0.081867	0.052223
10.230372	0.081122	0.050873
10.250372	0.079220	0.048908
10.270372	0.076306	0.046451
10.290472	0.072626	0.043673
10.310472	0.068483	0.040770
10.330472	0.064192	0.037930
10.350472	0.060036	0.035310
10.370472	0.056228	0.033016
10.390472	0.052897	0.031094
10.410472	0.050090	0.029541
10.430472	0.047787	0.028310
10.450472	0.045922	0.027330
10.470472	0.044413	0.026523
10.490572	0.043181	0.025823
10.510572	0.042168	0.025180
10.530572	0.041347	0.024572
10.550572	0.040722	0.024003
10.570572	0.040320	0.023496
10.590572	0.040192	0.023090
10.610572	0.040393	0.022832
10.630572	0.040975	0.022763
10.650572	0.041983	0.022913
10.670572	0.043439	0.023296
10.690672	0.045352	0.023905
10.710672	0.047710	0.024713
10.730672	0.050494	0.025681
10.750672	0.053684	0.026762
10.770672	0.057261	0.027911
10.790672	0.061210	0.029092
10.810672	0.065512	0.030282
10.830672	0.070133	0.031469
10.850672	0.075006	0.032653
10.870672	0.080021	0.033840
10.890772	0.085020	0.035034
10.910772	0.089804	0.036239
10.930772	0.094151	0.037457
10.950772	0.097853	0.038685
10.970772	0.100744	0.039930
10.990772	0.102732	0.041201
11.010772	0.103819	0.042522
11.030772	0.104098	0.043921
11.050772	0.103744	0.045431
11.070772	0.102981	0.047074
11.090872	0.102051	0.048858
11.110872	0.101177	0.050765
11.130872	0.100540	0.052749
11.150872	0.100259	0.054737
11.170872	0.100389	0.056641
11.190872	0.100928	0.058370
11.210872	0.101823	0.059843
11.230872	0.102986	0.060999
11.250872	0.104307	0.061806
11.270872	0.105653	0.062256
11.290972	0.106879	0.062355
11.310972	0.107822	0.062112
11.330972	0.108312	0.061527
11.350972	0.108175	0.060587
11.370972	0.107255	0.059264
11.390972	0.105436	0.057529
11.410972	0.102666	0.055370
11.430972	0.098980	0.052805
11.450972	0.094507	0.049901
11.470972	0.089470	0.046776
11.491072	0.084166	0.043594
11.511072	0.078939	0.040557
11.531072	0.074143	0.037881
11.551072	0.070102	0.035770
11.571072	0.067087	0.034403
11.591072	0.065294	0.033906
11.611072	0.064825	0.034345
11.631072	0.065695	0.035715
11.651072	0.067839	0.037942
11.671072	0.071119	0.040883
11.691172	0.075346	0.044342
11.711172	0.080298	0.048081
11.731172	0.085738	0.051851
11.751172	0.091434	0.055407
11.771172	0.097159	0.058529
11.791172	0.102696	0.061046
11.811172	0.107831	0.062835
11.831172	0.112347	0.063832
11.851172	0.116034	0.064029
11.871172	0.118684	0.063464
11.891272	0.120129	0.062220
11.911272	0.120263	0.060418
11.931272	0.119075	0.058208
11.951272	0.116672	0.055766
11.971272	0.113278	0.053280
11.991272	0.109219	0.050937
12.011272	0.104883	0.048908
12.031272	0.100673	0.047334
12.051272	0.096957	0.046313
12.071272	0.094024	0.045890
12.091372	0.092064	0.046062
12.111372	0.091153	0.046777
12.131372	0.091264	0.047944
12.151372	0.092285	0.049448
12.171372	0.094040	0.051156
12.191372	0.096317	0.052930
12.211372	0.098892	0.054637
12.231372	0.101553	0.056156
12.251372	0.104119	0.057388
12.271372	0.106458	0.058258
12.291472	0.108492	0.058726
12.311472	0.110206	0.058784
12.331472	0.111641	0.058457
12.351472	0.112883	0.057795
12.371472	0.114044	0.056874
12.391472	0.115236	0.055777
12.411472	0.116557	0.054587
12.431472	0.118071	0.053383
12.451472	0.119792	0.052223
12.471472	0.121690	0.051148
12.491572	0.123688	0.050179
12.511572	0.125682	0.049315
12.531572	0.127552	0.048540
12.551572	0.129182	0.047829
12.571572	0.130475	0.047150
12.591572	0.131358	0.046471
12.611572	0.131789	0.045763
12.631572	0.131748	0.044999
12.651572	0.131236	0.044161
12.671572	0.130261	0.043234
12.691672	0.128841	0.042211
12.711672	0.127006	0.041094
12.731672	0.124797	0.039894
12.751672	0.122278	0.038635
12.771672	0.119542	0.037353
12.791672	0.116713	0.036101
12.811672	0.113932	0.034940
12.831672	0.111354	0.033939
12.851672	0.109120	0.033169
12.871672	0.107349	0.032694
12.891772	0.106120	0.032565
12.911772	0.105468	0.032817
12.931772	0.105383	0.033460
12.951772	0.105818	0.034483
12.971772	0.106700	0.035853
12.991772	0.107942	0.037517
13.011772	0.109451	0.039408
13.031772	0.111140	0.041448
13.051772	0.112932	0.043557
13.071772	0.114764	0.045659
13.091872	0.116586	0.047680
13.111872	0.118357	0.049562
13.131872	0.120043	0.051256
13.151872	0.121609	0.052723
13.171872	0.123014	0.053935
13.191872	0.124210	0.054872
13.211872	0.125142	0.055517
13.231872	0.125748	0.055859
13.251872	0.125969	0.055891
13.271872	0.125753	0.055616
13.291972	0.125068	0.055043
13.311972	0.123902	0.054197
13.331972	0.122268	0.053113
13.351972	0.120202	0.051841
13.371972	0.117766	0.050438
13.391972	0.115041	0.048965
13.411972	0.112130	0.047488
13.431972	0.109150	0.046062
13.451972	0.106234	0.044740
13.471972	0.103526	0.043558
13.492072	0.101170	0.042545
13.512072	0.099309	0.041714
13.532072	0.098068	0.041066
13.552072	0.097546	0.040594
13.572072	0.097801	0.040277
13.592072	0.098846	0.040089
13.612072	0.100633	0.039992
13.632072	0.103064	0.039950
13.652072	0.105984	0.039919
13.672072	0.109205	0.039860
13.692172	0.112515	0.039737
13.712172	0.115710	0.039525
13.732172	0.118613	0.039208
13.752172	0.121102	0.038787
13.772172	0.123117	0.038274
13.792172	0.124672	0.037695
13.812172	0.125846	0.037082
13.832172	0.126769	0.036476
13.852172	0.127603	0.035917
13.872172	0.128477	0.035435
13.892272	0.129498	0.035056
13.912272	0.130713	0.034794
13.932272	0.132097	0.034649
13.952272	0.133564	0.034613
13.972272	0.135004	0.034677
13.992272	0.136315	0.034835
14.012272	0.137468	0.035100
14.032272	0.138542	0.035507
14.052272	0.139744	0.036124
14.072272	0.141395	0.037047
14.092372	0.143875	0.038387
14.112372	0.147534	0.040254
14.132372	0.152597	0.042736
14.152372	0.159067	0.045867
14.172372	0.166672	0.049610
14.192372	0.174869	0.053849
14.212372	0.182905	0.058389
14.232372	0.189925	0.062978
14.252372	0.195115	0.067331
14.272372	0.197834	0.071174
14.292472	0.197716	0.074273
14.312472	0.194726	0.076470
14.332472	0.189151	0.077703
14.352472	0.181542	0.078013
14.372472	0.172622	0.077541
14.392472	0.163181	0.076510
14.412472	0.153970	0.075200
14.432472	0.145620	0.073916
14.452472	0.138586	0.072959
14.472472	0.133135	0.072598
14.492572	0.129339	0.073043
14.512572	0.127124	0.074432
14.532572	0.126308	0.076817
14.552572	0.126663	0.080169
14.572572	0.127968	0.084376
14.592572	0.130048	0.089266
14.612572	0.132800	0.094621
14.632572	0.136202	0.100201
14.652572	0.140290	0.105767
14.672572	0.145131	0.111101
14.692672	0.150800	0.116017
14.712672	0.157290	0.120362
14.732672	0.164506	0.124016
14.752672	0.172227	0.126882
14.772672	0.180097	0.128877
14.792672	0.187639	0.129922
14.812672	0.194301	0.129947
14.832672	0.199508	0.128895
14.852672	0.202746	0.126732
14.872672	0.203624	0.123465
14.892772	0.201938	0.119152
14.912772	0.197712	0.113917
14.932772	0.191187	0.107936
14.952772	0.182821	0.101445
14.972772	0.173226	0.094719
14.992772	0.163104	0.088050
15.012772	0.153161	0.081726
15.032772	0.144039	0.076002
15.052772	0.136253	0.071085
15.072772	0.130145	0.067116
15.092872	0.125867	0.064163
15.112872	0.123391	0.062220
15.132872	0.122528	0.061218
15.152872	0.122971	0.061036
15.172872	0.124332	0.061508
15.192872	0.126193	0.062445
15.212872	0.128139	0.063642
15.232872	0.129794	0.064889
15.252872	0.130861	0.065994
15.272872	0.131140	0.066784
15.292972	0.130554	0.067133
15.312972	0.129156	0.066964
15.332972	0.127117	0.066259
15.352972	0.124704	0.065059
15.372972	0.122243	0.063457
15.392972	0.120055	0.061579
15.412972	0.118427	0.059571
15.432972	0.117562	0.057579
15.452972	0.117569	0.055735
15.472972	0.118462	0.054151
15.493072	0.120179	0.052914
15.513072	0.122609	0.052076
15.533072	0.125624	0.051661
15.553072	0.129097	0.051659
15.573072	0.132908	0.052024
15.593072	0.136942	0.052677
15.613072	0.141083	0.053514
15.633072	0.145187	0.054408
15.653072	0.149084	0.055235
15.673072	0.152553	0.055869
15.693172	0.155355	0.056222
15.713172	0.157237	0.056241
15.733172	0.157963	0.055919
15.753172	0.157361	0.055306
15.773172	0.155336	0.054489
15.793172	0.151918	0.053603
15.813172	0.147265	0.052811
15.833172	0.141671	0.052298
15.853172	0.135520	0.052250
15.873172	0.129261	0.052837
15.893272	0.123344	0.054194
15.913272	0.118163	0.056392
15.933272	0.114007	0.059418
15.953272	0.111032	0.063162
15.973272	0.109261	0.067419
15.993272	0.108618	0.071914
16.013272	0.108982	0.076345
16.033272	0.110249	0.080431
16.053272	0.112384	0.083972
16.073272	0.115438	0.086876
16.093372	0.119528	0.089174
16.113372	0.124764	0.090990
16.133372	0.131173	0.092494
16.153372	0.138614	0.093839
16.173372	0.146718	0.095107
16.193372	0.154891	0.096271
16.213372	0.162391	0.097198
16.233372	0.168412	0.097690
16.253372	0.172242	0.097532
16.273372	0.173385	0.096569
16.293472	0.171651	0.094754
16.313472	0.167201	0.092195
16.333472	0.160517	0.089156
16.353472	0.152335	0.086042
16.373472	0.143534	0.083351
16.393472	0.135024	0.081608
16.413472	0.127639	0.081293
16.433472	0.122051	0.082772
16.453472	0.118707	0.086224
16.473472	0.117807	0.091607
16.493572	0.119297	0.098638
16.513572	0.122879	0.106799
16.533572	0.128074	0.115404
16.553572	0.134275	0.123676
16.573572	0.140825	0.130850
16.593572	0.147096	0.136275
16.613572	0.152557	0.139500
16.633572	0.156835	0.140323
16.653572	0.159741	0.138804
16.673572	0.161281	0.135239
16.693672	0.161599	0.130084
16.713672	0.160959	0.123888
16.733672	0.159689	0.117223
16.753672	0.158127	0.110619
16.773672	0.156600	0.104530
16.793672	0.155402	0.099327
16.813672	0.154803	0.095304
16.833672	0.155057	0.092702
16.853672	0.156403	0.091720
16.873672	0.159056	0.092520
16.893772	0.163167	0.095200
16.913772	0.168778	0.099765
16.933772	0.175771	0.106074
16.953772	0.183820	0.113805
16.973772	0.192389	0.122434
16.993772	0.200769	0.131264
17.013772	0.208151	0.139480
17.033772	0.213744	0.146249
17.053772	0.216890	0.150832
17.073772	0.217171	0.152697
17.093872	0.214470	0.151594
17.113872	0.208984	0.147594
17.133872	0.201179	0.141064
17.153872	0.191714	0.132605
17.173872	0.181325	0.122947
17.193872	0.170736	0.112848
17.213872	0.160567	0.102992
17.233872	0.151285	0.093919
17.253872	0.143195	0.085989
17.273872	0.136443	0.079379
17.293972	0.131058	0.074105
17.313972	0.126987	0.070071
17.333972	0.124137	0.067104
17.353972	0.122405	0.065009
17.373972	0.121689	0.063598
17.393972	0.121895	0.062714
17.413972	0.122923	0.062236
17.433972	0.124655	0.062073
17.453972	0.126940	0.062159
17.473972	0.129584	0.062432
17.494072	0.132356	0.062830
17.514072	0.135006	0.063283
17.534072	0.137276	0.063716
17.554072	0.138934	0.064054
17.574072	0.139809	0.064238
